100
00035225
00040961
00052801
00058561
00135301
00187201
00190641
00200217
00255537
00300321
00331421
00377021
00428673
00450001
00464661
00483017
00664481
00678309
00679489
00684801
00703521
00718249
00725137
00761551
00777431
00805485
00858991
01057271
01092433
01203311
01232201
01297601
01347433
01402841
01422561
01461261
01502721
01677441
01691977
01694433
01699515
01705876
01760381
01794601
01822081
01864801
01895001
01977455
02005121
02050081
02120751
02133761
02152801
02181561
02203801
02214617
02289329
02320161
02353125
02360321
02367721
02463809
02467481
02519181
02547201
02619277
02624651
02695831
02697181
02703969
02711145
02734497
02735009
02742081
02767201
02792065
02800321
02908929
03004021
03034113
03113905
03140081
03153999
03202961
03273541
03339521
03355581
03428401
03456561
03514709
03517841
03598225
03624193
03634649
03707193
03745089
03812221
03864209
03953921
03978585
