10000
00000001
00000515
00000577
00000881
00001097
00001281
00001301
00001769
00003421
00003501
00003657
00004299
00004397
00005916
00006433
00006576
00006849
00007189
00007201
00007301
00007642
00007921
00008505
00009409
00010561
00011105
00011425
00011521
00011767
00013461
00013499
00014081
00014288
00014341
00015177
00015399
00015681
00016113
00016337
00016433
00017225
00017381
00017559
00018001
00018301
00018405
00018433
00018945
00019753
00020001
00020225
00021401
00021601
00022741
00023041
00023241
00023941
00024001
00024513
00024705
00025201
00025401
00025651
00026061
00026241
00026369
00026701
00026822
00026913
00027009
00027431
00027471
00028161
00029065
00029185
00029889
00030446
00030981
00031051
00031815
00031941
00032641
00032955
00033201
00033841
00034561
00035457
00036081
00036161
00037341
00037561
00037575
00037771
00038314
00038401
00038561
00039601
00040061
00040266
00040417
00040545
00041241
00041521
00041905
00042001
00042037
00042729
00042876
00042881
00043251
00043461
00045249
00045313
00045401
00046119
00046231
00046401
00046501
00046593
00046957
00047201
00047309
00047521
00048126
00048811
00048849
00049001
00050501
00051001
00051201
00051301
00051633
00051713
00051776
00052011
00052161
00052681
00052721
00053233
00053249
00054001
00055185
00056151
00056321
00056891
00057409
00057601
00057909
00058561
00058621
00058717
00058801
00058881
00059276
00059641
00060353
00060577
00060673
00061972
00062001
00062161
00062401
00062804
00063265
00063905
00064281
00064361
00065281
00065515
00065701
00065951
00066049
00066465
00066481
00066561
00066817
00066881
00067001
00067851
00068225
00068247
00068305
00068361
00070057
00070351
00070409
00070529
00070601
00070641
00071169
00071361
00071386
00071505
00072211
00072241
00073985
00074081
00074621
00075981
00076001
00076273
00076425
00077009
00077337
00078254
00079617
00081089
00083585
00084349
00084376
00084481
00085521
00085538
00085761
00086441
00086769
00086941
00087448
00087501
00088001
00088641
00089697
00090067
00091693
00091713
00091849
00091905
00092025
00092161
00092201
00093101
00094501
00094577
00094695
00094801
00094911
00095553
00095751
00096001
00096401
00096721
00097012
00097617
00099041
00099201
00099301
00099363
00099593
00100818
00101553
00101601
00102081
00103209
00104001
00104017
00104321
00104521
00104577
00105305
00105351
00105601
00105857
00106241
00106821
00107233
00107593
00108141
00108701
00109775
00110071
00110225
00110441
00110801
00111001
00111141
00111321
00111465
00111601
00112001
00112453
00112591
00113625
00113651
00113861
00114141
00114645
00115201
00115957
00116281
00116353
00116417
00116441
00116801
00116951
00117841
00118241
00118641
00119217
00119383
00119809
00120001
00120641
00121401
00121857
00122113
00123137
00123201
00124201
00124716
00124771
00125001
00125201
00125313
00125401
00125441
00126001
00126726
00127001
00127771
00127849
00128001
00128081
00129281
00130211
00132001
00132737
00133501
00135451
00136267
00136481
00136565
00136801
00137038
00137281
00137741
00137921
00137945
00137986
00138157
00138161
00138941
00139337
00139681
00140831
00140901
00141665
00141734
00142209
00142321
00142517
00143021
00143881
00143901
00144001
00144049
00144641
00144961
00145061
00145481
00145601
00145857
00146061
00146225
00147126
00147201
00148001
00148633
00148993
00149001
00149661
00149857
00150337
00151001
00151151
00151545
00151641
00152801
00153190
00153601
00153901
00154001
00154777
00155001
00155507
00155729
00156001
00156801
00157441
00157617
00157825
00158301
00158513
00159751
00159801
00160001
00160081
00160961
00160965
00161625
00161921
00162303
00162461
00163265
00164657
00164697
00164737
00164815
00165121
00165231
00165457
00165572
00165651
00166221
00166401
00166625
00166801
00167501
00168161
00168277
00168801
00169885
00170193
00170593
00171048
00171433
00171517
00171701
00171714
00172041
00173105
00173729
00175057
00175241
00175909
00176641
00177626
00177865
00178081
00178441
00178651
00179057
00179201
00180006
00180481
00181761
00183201
00183465
00183503
00184001
00184465
00184801
00185199
00186171
00186611
00186841
00188161
00188251
00188636
00188701
00190089
00191301
00192001
00192171
00192801
00192825
00193201
00194081
00194973
00195491
00195841
00196251
00196353
00196865
00197141
00197405
00197753
00198033
00198081
00198145
00198471
00199001
00199169
00199501
00199521
00199541
00199649
00199825
00200001
00200022
00200361
00200641
00201801
00201826
00201873
00202089
00203521
00203601
00203777
00204401
00204773
00205097
00205211
00205561
00205987
00206446
00206693
00206721
00207501
00207577
00207601
00207705
00208001
00208129
00208769
00208801
00209449
00209717
00209761
00210081
00210241
00211225
00211399
00211801
00212321
00212705
00212905
00213265
00214209
00215105
00215191
00215201
00215321
00215481
00216001
00216193
00216251
00216521
00217601
00217857
00218045
00218481
00218801
00219477
00219801
00220041
00220225
00220501
00221181
00221210
00221341
00221449
00221601
00222201
00223255
00223437
00223621
00223681
00224501
00224961
00225225
00225581
00225601
00226009
00227201
00227451
00227631
00227681
00227843
00227925
00228081
00228191
00228353
00228577
00228701
00228751
00229329
00230971
00230997
00231885
00232162
00232447
00232801
00232833
00232921
00232961
00233001
00233729
00233921
00235201
00235381
00235971
00236265
00236641
00236801
00236879
00237251
00238726
00238849
00239101
00239121
00239361
00239497
00239617
00239821
00239841
00240697
00241051
00242441
00242521
00242587
00242751
00243201
00243981
00244401
00244534
00245276
00245681
00246401
00246545
00246681
00247161
00247421
00248321
00248801
00249601
00249801
00249851
00250001
00250084
00250501
00250987
00251041
00251329
00252193
00252889
00253025
00253249
00253905
00255409
00256001
00256265
00257627
00257793
00258401
00258417
00259136
00259201
00259257
00259777
00259845
00260001
00260059
00260865
00261000
00261211
00261241
00261561
00262401
00262421
00262501
00262721
00262881
00263131
00263301
00263601
00265067
00265185
00265489
00265521
00265585
00266101
00266161
00266241
00266401
00266469
00267241
00267697
00268201
00268665
00268961
00269271
00269825
00270069
00270173
00270201
00270241
00270601
00271617
00272001
00273665
00274001
00274230
00274402
00274561
00274661
00276001
00276513
00276721
00276801
00276826
00276841
00277121
00277761
00278275
00278529
00278657
00278851
00278896
00279561
00279997
00280471
00280545
00281601
00281641
00282001
00283001
00283249
00283481
00284227
00284865
00285521
00286081
00286451
00286527
00286849
00287857
00287991
00288001
00288401
00289093
00289281
00289409
00289505
00290001
00290229
00290305
00290545
00290593
00291233
00292193
00292649
00294033
00294401
00295436
00295601
00295796
00296001
00296321
00296641
00296833
00297265
00298241
00299001
00299729
00300001
00301661
00302241
00302409
00302521
00302861
00302931
00302985
00303057
00303913
00304645
00304921
00305001
00306817
00307201
00307777
00308929
00308993
00309201
00309413
00310251
00310411
00310721
00311281
00312691
00313505
00314041
00314329
00315649
00316001
00316217
00316901
00317185
00317201
00317300
00317601
00317841
00318601
00318751
00318785
00320001
00320334
00320769
00321001
00321601
00321841
00321921
00322081
00322311
00322561
00323001
00323651
00323869
00323993
00324101
00324126
00324161
00325001
00326401
00326593
00326781
00326829
00327297
00327451
00327505
00328721
00328961
00330261
00331101
00331201
00331601
00332461
00332617
00332737
00333241
00334297
00334401
00334465
00334543
00334641
00334701
00335041
00335221
00335233
00336001
00336161
00336251
00336621
00336641
00336821
00337105
00339002
00339321
00339849
00340001
00340161
00340707
00341147
00341985
00342101
00344011
00344701
00344721
00344741
00344751
00345901
00346246
00346625
00346883
00347041
00347171
00347461
00347501
00348161
00348376
00348497
00348801
00348821
00349126
00350061
00350241
00350401
00350517
00350721
00351361
00351732
00352001
00352081
00352639
00352769
00353921
00354221
00354241
00354561
00354601
00354641
00354961
00355041
00355441
00355681
00355926
00356401
00356451
00356881
00356961
00357441
00357601
00357621
00357951
00358145
00358273
00358401
00358566
00359201
00359681
00360001
00361329
00361526
00362273
00363265
00363393
00363505
00363841
00363921
00364161
00364469
00365281
00365313
00366457
00366936
00367401
00367489
00367713
00367881
00368701
00370177
00370481
00370705
00371585
00372009
00372653
00373905
00374201
00374641
00375041
00376321
00376901
00377191
00377201
00377231
00377241
00377601
00377857
00377941
00379266
00379841
00380001
00380161
00380201
00380213
00380417
00381001
00381299
00381441
00381921
00382126
00382465
00382657
00382721
00383361
00383713
00384001
00384201
00384253
00384367
00384511
00384915
00385281
00385421
00385703
00385961
00386361
00387457
00387601
00387889
00387937
00388001
00388417
00388598
00388687
00389377
00389897
00391521
00391936
00392089
00392439
00392865
00393049
00393929
00394817
00395041
00395401
00395631
00396801
00397025
00397213
00397425
00397441
00397825
00399037
00399201
00399329
00399713
00399801
00400001
00400129
00400545
00400769
00401409
00402161
00402401
00402449
00402951
00403409
00404161
00404873
00405249
00405501
00405801
00406256
00407553
00407751
00408849
00408961
00409601
00409817
00409857
00410369
00410401
00410801
00412249
00412416
00413141
00413201
00413321
00413501
00413905
00414026
00414337
00414431
00414441
00414977
00415397
00415521
00415841
00415889
00416001
00416161
00416397
00417721
00417769
00418049
00418161
00420985
00421281
00421311
00421441
00422401
00422501
00423071
00423079
00423681
00424587
00424601
00424876
00425701
00425999
00428129
00428501
00428721
00429441
00430751
00431761
00431841
00432301
00432385
00432897
00432961
00433541
00433705
00433757
00433981
00433991
00434817
00434941
00436001
00436041
00436481
00436497
00436867
00437756
00438081
00439281
00439981
00440001
00440281
00441708
00441901
00441943
00442161
00442401
00442521
00443393
00443921
00444744
00444778
00445201
00446081
00446401
00446687
00446817
00447009
00448137
00449081
00449249
00450702
00450833
00451673
00452161
00453001
00454001
00454373
00454721
00455201
00455425
00455551
00455561
00455633
00455729
00456641
00456832
00457611
00457616
00458401
00459191
00459437
00460481
00460545
00460705
00461351
00461361
00461377
00461993
00462065
00462269
00462369
00462413
00463237
00463489
00463561
00463937
00464001
00464086
00464321
00465401
00466213
00466831
00467201
00468379
00468593
00469673
00470026
00470149
00470601
00471681
00471741
00471901
00472041
00472577
00473601
00473793
00474241
00474289
00474721
00476257
00476481
00476757
00476877
00477467
00478701
00479113
00479449
00479629
00480001
00480501
00481801
00481921
00482257
00482801
00484161
00484201
00485001
00485401
00485651
00486121
00486141
00487249
00487481
00488436
00488833
00489005
00489041
00489385
00490801
00491913
00492001
00492801
00493041
00493761
00493865
00494001
00494161
00494525
00494593
00494721
00496257
00496561
00496581
00496771
00497437
00497689
00497921
00498101
00498481
00498751
00499729
00499981
00500441
00500449
00500833
00500929
00501249
00501643
00503025
00503437
00503745
00504705
00505281
00506065
00506401
00506541
00506737
00506961
00507126
00508257
00508626
00508801
00509201
00510201
00510501
00510921
00511311
00511949
00512001
00513537
00513971
00514001
00515641
00515751
00515905
00516231
00516487
00516571
00516625
00516737
00517001
00517621
00517721
00517827
00518971
00519105
00519621
00519921
00519957
00520449
00520561
00520639
00521941
00522369
00522435
00523169
00523457
00523521
00523601
00523611
00525057
00525793
00525913
00526081
00526193
00526801
00527201
00527451
00528513
00528721
00528801
00529201
00529221
00529559
00529881
00530101
00530501
00530561
00531201
00532161
00532321
00533009
00534901
00534951
00535001
00535033
00535395
00535549
00535601
00535779
00535809
00536417
00536625
00536661
00537231
00537251
00537361
00537501
00537577
00537601
00537801
00538901
00538961
00539121
00539201
00539721
00539801
00539843
00540417
00540801
00541241
00541501
00542251
00542481
00542551
00542721
00543001
00543281
00544001
00544801
00545507
00546001
00546726
00547361
00547605
00547809
00548801
00549113
00549945
00550001
00550045
00551201
00551907
00552521
00552767
00553201
00554385
00554497
00554561
00554801
00555315
00555736
00556001
00556241
00556801
00556913
00556993
00557105
00557185
00557301
00558001
00558961
00560001
00560801
00560921
00561673
00561985
00562929
00563041
00564041
00564537
00564997
00567033
00567662
00568961
00569001
00569321
00569601
00570401
00570441
00572017
00572221
00572441
00573073
00573426
00573441
00573721
00574038
00574417
00576261
00576641
00576721
00576723
00577121
00577431
00577961
00578147
00578925
00579801
00579821
00579933
00580291
00580553
00580801
00581341
00582173
00582501
00583201
00583301
00583561
00583603
00584101
00584129
00584597
00585080
00585665
00585761
00586673
00587521
00587615
00588161
00588731
00588801
00590341
00590451
00591201
00591233
00591241
00591521
00591553
00592041
00592601
00592795
00592865
00593121
00593201
00593474
00593601
00593833
00593921
00594641
00595777
00596033
00596726
00596737
00596969
00597159
00597901
00598041
00598529
00598723
00598751
00599089
00599311
00599449
00600001
00600561
00600577
00600761
00601057
00601135
00601361
00601377
00601869
00602401
00602881
00603521
00603767
00603801
00604401
00604417
00604641
00604673
00605201
00605561
00605641
00605761
00606247
00606401
00606937
00607505
00608001
00608089
00608129
00609201
00609729
00609787
00610001
00610151
00610241
00610321
00610354
00610529
00610817
00611041
00612161
00612501
00613641
00613697
00613796
00614401
00614481
00614509
00614593
00614646
00614913
00615001
00615041
00615681
00615937
00616001
00616961
00617121
00617601
00618481
00618531
00618769
00619281
00619521
00620341
00620461
00620465
00621121
00621281
00621581
00621633
00622461
00622481
00623001
00623183
00623201
00623301
00623361
00623681
00623801
00623871
00624001
00624385
00625089
00625213
00625721
00626001
00626241
00627201
00627291
00627537
00628483
00628886
00629441
00629889
00630173
00632353
00632641
00633305
00633953
00634241
00634385
00634849
00635986
00636001
00636401
00636451
00636771
00636801
00636961
00638081
00638273
00638285
00638401
00638451
00638625
00639376
00639617
00639641
00640129
00641081
00641681
00641701
00641729
00642081
00642661
00643713
00644421
00644577
00644673
00645001
00645501
00645761
00646181
00646276
00647551
00648886
00648961
00649001
00650241
00650549
00650916
00650955
00651001
00651237
00651265
00651441
00651873
00652013
00652141
00652289
00652341
00652496
00652801
00653189
00654081
00654337
00655226
00656001
00656881
00656901
00657021
00657105
00657793
00658497
00659201
00660001
00660573
00661161
00661761
00661981
00662201
00663201
00663681
00663859
00664001
00664321
00664601
00664661
00665961
00666701
00667093
00667201
00667541
00667717
00668001
00668801
00669511
00669921
00670801
00671233
00671391
00671981
00674857
00674977
00675461
00675831
00676097
00677366
00677411
00677451
00677889
00678249
00678633
00680001
00680157
00681329
00681361
00681551
00681601
00681721
00682145
00682241
00682441
00682781
00682945
00683203
00683551
00684417
00684577
00684739
00684961
00685354
00685569
00686529
00686561
00686625
00687481
00687921
00688001
00688226
00688681
00689077
00689237
00689281
00689761
00690201
00690480
00690621
00690793
00691001
00691651
00691949
00692265
00692865
00692901
00693073
00693889
00694001
00694481
00694721
00694917
00695297
00695365
00695489
00695651
00695977
00696001
00696736
00698025
00698453
00699423
00699885
00700001
00700969
00701001
00701729
00701811
00702101
00702131
00702261
00702826
00702977
00703477
00703481
00704001
00704821
00705001
00705697
00706049
00706081
00706101
00707841
00708001
00708161
00708401
00708881
00709231
00709761
00710513
00710637
00710671
00711185
00711221
00711265
00711889
00712137
00712729
00713921
00714241
00714387
00716049
00716061
00717953
00718913
00719381
00719409
00719681
00719833
00720001
00720921
00721153
00721169
00721591
00721937
00722051
00722118
00722401
00723233
00723673
00723945
00724225
00724673
00725101
00725441
00725667
00725697
00725761
00726137
00726265
00726945
00727409
00727661
00727726
00729089
00729521
00729601
00729649
00729786
00730721
00731751
00732001
00732085
00732161
00732385
00732953
00733089
00733385
00733701
00733865
00733941
00734081
00734089
00734529
00735041
00735329
00736636
00737641
00738001
00739521
00739921
00741851
00742081
00742986
00744128
00744945
00745441
00745537
00745649
00745953
00745985
00746321
00746721
00746841
00748161
00749221
00749261
00749281
00749975
00750381
00750741
00750981
00751037
00751441
00751561
00751601
00751733
00751740
00751761
00751873
00752001
00752229
00752801
00752861
00753001
00753665
00754274
00754295
00754519
00754721
00754861
00755201
00755601
00755985
00756225
00756848
00757201
00757251
00758001
00758177
00758312
00758449
00758845
00759001
00759321
00759617
00759873
00760001
00761033
00761113
00763489
00763905
00763953
00764289
00764453
00766185
00766201
00767969
00768001
00768465
00768577
00769521
00770689
00771713
00773633
00774119
00774753
00774785
00775201
00775341
00776001
00776601
00776641
00777101
00778133
00778381
00778561
00778901
00779105
00779376
00779691
00780121
00780289
00780801
00780886
00781429
00782401
00782663
00783521
00784001
00784481
00785189
00785901
00786241
00786889
00787601
00788873
00789281
00789301
00790898
00791801
00791809
00791933
00793089
00793273
00793553
00793605
00793681
00793905
00794157
00794191
00794577
00795137
00795521
00795713
00795801
00795841
00796561
00796801
00797537
00797601
00797665
00798241
00798267
00798436
00799436
00799585
00799801
00800001
00800387
00800689
00801501
00801665
00801817
00802001
00802301
00804105
00804833
00804997
00805751
00806201
00806321
00806401
00806951
00807181
00810001
00810441
00810601
00810805
00811777
00812001
00812239
00815209
00815361
00815501
00815601
00816241
00816306
00816401
00816886
00817443
00817521
00817601
00819089
00819176
00819841
00819893
00820001
00820217
00820401
00820445
00820585
00820751
00821151
00821251
00821701
00822301
00822601
00823705
00823721
00823789
00824001
00824337
00824801
00824833
00824961
00825601
00825953
00826593
00826801
00826825
00828439
00831361
00832281
00833013
00833027
00833379
00834081
00834109
00835060
00835841
00836001
00836626
00836865
00837161
00837441
00838016
00838413
00839111
00839297
00839571
00839801
00840001
00840321
00840353
00841471
00841729
00841985
00842047
00842619
00842721
00843701
00844321
00845201
00845351
00845475
00845513
00845606
00846717
00847199
00847287
00847601
00847617
00848065
00848241
00848258
00848673
00848851
00848961
00849793
00849803
00850545
00850583
00850881
00850945
00851796
00852337
00852669
00852801
00853441
00854330
00855145
00855177
00856097
00856769
00857345
00857601
00858001
00858177
00858251
00858296
00858313
00858821
00859076
00859825
00860251
00860321
00861351
00861503
00862301
00862401
00863197
00863701
00863721
00863817
00865092
00865209
00865553
00866729
00866776
00867009
00867329
00867617
00868201
00868479
00868481
00869081
00869185
00869321
00870661
00871201
00871921
00872001
00872271
00873059
00873281
00873601
00874241
00875051
00876153
00876681
00877159
00877185
00877237
00878689
00879037
00879281
00879873
00880001
00880456
00880993
00881801
00881921
00882241
00883041
00883351
00883577
00883585
00884219
00884801
00885901
00886221
00886721
00887041
00887541
00887543
00887801
00888001
00888181
00888481
00888691
00888801
00889041
00889120
00889201
00889330
00889561
00890225
00890375
00890571
00891009
00891401
00892461
00893246
00894201
00894225
00894401
00894561
00895229
00895985
00896001
00896121
00896129
00896481
00897071
00897261
00897481
00897501
00897801
00898105
00898501
00898701
00898711
00899057
00899261
00899289
00899389
00899889
00900126
00901151
00901487
00901641
00902145
00902185
00902369
00904001
00905001
00905101
00905489
00905801
00905814
00906137
00906161
00906177
00907326
00908001
00908205
00908321
00908801
00909121
00909201
00910401
00912001
00912513
00913302
00913729
00913925
00915841
00916019
00916801
00916921
00916961
00916999
00917201
00917401
00917441
00917505
00917601
00917747
00917797
00918501
00918913
00919081
00919169
00919201
00919961
00920001
00920161
00920177
00920849
00921361
00921445
00921813
00921901
00922001
00922301
00922589
00922953
00923801
00923881
00924001
00924481
00924876
00925029
00925065
00925425
00925571
00926001
00926081
00926721
00926851
00927051
00927691
00928161
00929161
00929201
00929417
00931011
00931451
00931521
00932161
00933121
00933169
00933401
00933931
00934971
00935041
00935645
00935897
00936361
00936701
00937449
00937501
00937595
00937753
00938881
00938907
00938961
00939041
00939271
00939495
00939591
00939985
00940225
00940321
00940689
00941425
00941825
00942081
00942121
00943049
00943217
00944001
00944353
00945081
00945881
00946089
00946177
00946181
00946473
00946617
00947201
00947311
00949729
00949929
00950133
00950401
00950433
00950501
00950541
00950895
00950917
00951101
00951433
00951561
00952001
00952193
00952369
00953525
00953697
00954001
00954200
00954401
00954711
00955009
00955921
00956001
00957642
00957891
00958081
00958337
00958561
00959021
00959901
00960001
00960497
00960833
00961101
00961587
00961889
00962501
00962817
00962819
00962971
00963091
00963121
00963251
00964121
00964201
00964451
00964609
00964737
00966481
00966561
00967001
00967031
00967361
00967501
00967553
00967641
00968201
00968593
00969985
00970213
00970549
00971073
00972001
00972289
00972601
00972801
00972881
00972921
00972968
00973046
00973201
00973897
00973937
00974145
00974305
00974361
00974401
00974561
00974721
00974826
00975601
00975841
00976101
00976673
00977001
00977301
00977336
00977501
00977757
00978081
00978257
00978501
00978751
00978929
00979787
00979921
00980253
00980369
00980701
00980801
00980833
00981119
00982365
00982401
00982773
00982881
00984031
00984881
00984971
00985706
00985731
00985985
00986531
00986601
00986833
00987221
00987237
00987401
00987651
00987761
00987793
00989201
00989601
00990977
00991145
00991221
00991301
00991485
00991713
00991761
00992481
00992526
00992601
00992651
00992705
00993601
00993931
00994049
00994601
00994817
00995201
00995769
00995905
00995929
00995937
00996001
00996289
00996581
00996641
00996801
00997001
00997301
00997569
00998321
00998441
00998951
00999601
00999937
01000001
01001409
01001601
01001644
01001921
01002137
01002331
01002401
01003485
01003521
01004351
01004649
01004801
01005141
01005741
01006601
01006881
01007351
01007425
01008161
01008409
01008689
01009521
01010729
01011367
01011629
01012225
01012481
01013319
01013683
01013777
01013825
01014121
01015449
01016001
01016661
01017593
01017861
01018401
01018881
01019129
01019918
01020617
01021761
01021933
01022011
01022531
01022951
01023569
01024291
01025409
01025801
01026001
01026817
01027201
01027693
01027709
01027841
01028001
01028193
01028289
01028553
01028707
01029843
01030241
01030245
01030737
01030945
01031905
01031951
01033029
01033093
01033405
01034615
01036641
01038009
01038651
01039361
01039577
01039681
01040241
01041281
01042657
01043201
01043243
01043981
01044353
01044833
01045751
01045761
01045801
01046001
01047041
01047231
01047589
01048225
01048945
01049501
01049841
01050161
01050971
01051617
01052581
01052761
01053081
01053241
01053401
01053569
01054891
01055161
01055465
01055913
01056376
01057511
01057537
01058281
01058433
01058437
01058793
01059309
01060001
01060511
01060581
01060601
01060701
01060873
01060931
01060945
01061081
01061357
01062711
01063433
01064321
01064401
01064617
01064877
01065495
01066551
01066601
01066625
01067051
01069025
01069497
01069876
01070241
01071601
01071761
01072721
01072961
01073665
01073725
01073769
01074561
01074689
01075729
01076057
01076081
01076321
01076537
01076701
01076785
01077121
01077633
01078001
01079181
01079265
01080161
01080211
01080321
01080489
01080833
01080899
01080961
01081245
01081281
01081601
01081677
01083111
01083481
01083845
01084385
01084441
01084801
01086656
01086729
01086985
01087233
01087651
01088001
01088201
01088469
01088651
01089539
01089601
01089641
01090001
01090881
01091501
01091841
01092561
01093741
01095357
01095421
01096039
01096281
01096601
01097345
01097601
01097881
01097987
01098557
01098593
01099711
01100001
01100061
01100661
01100961
01101081
01102197
01102342
01102801
01103717
01103961
01104325
01104401
01104641
01104697
01104777
01104841
01105153
01105201
01105561
01105601
01105626
01106721
01107873
01107953
01107991
01108101
01108141
01108661
01109001
01109181
01109551
01109881
01110201
01110501
01110857
01110881
01111465
01111801
01112801
01113017
01113311
01113349
01113640
01114001
01114795
01114817
01114925
01115121
01115405
01115521
01116041
01116881
01117281
01118840
01119001
01119377
01119841
01120441
01120817
01120961
01121281
01121289
01122031
01122409
01122561
01122626
01123301
01123541
01124001
01124457
01124721
01124801
01125121
01125941
01126201
01126401
01126821
01127501
01128705
01128819
01130361
01130501
01130633
01130841
01132001
01132451
01132697
01132801
01133121
01133157
01133161
01133873
01134017
01135701
01135857
01136313
01136545
01136653
01137177
01137185
01137665
01139803
01140001
01140351
01140401
01140441
01140585
01141137
01141601
01142241
01142273
01142401
01143389
01143633
01143901
01143921
01144321
01145301
01145551
01146081
01146113
01146881
01147473
01148556
01148613
01148993
01149057
01149121
01149197
01149201
01149773
01149911
01149921
01150009
01150121
01150251
01151651
01152431
01152583
01154515
01154881
01155625
01155781
01155801
01156001
01156377
01156577
01156737
01157201
01157217
01157301
01157601
01157633
01158171
01158177
01158273
01158401
01158465
01158841
01158849
01159001
01159425
01159817
01160001
01160025
01160217
01160526
01160673
01160705
01160729
01160901
01160961
01161232
01161641
01162059
01163993
01164641
01165301
01165541
01165821
01165997
01166201
01166251
01167201
01167251
01167491
01167617
01167941
01168001
01168551
01168701
01169526
01169861
01169889
01170049
01170337
01171569
01171876
01171905
01171959
01172813
01173801
01174501
01174673
01175005
01175201
01175676
01176223
01176521
01177347
01177521
01177857
01179393
01179501
01179905
01180673
01180806
01180861
01180921
01181081
01181276
01182921
01182951
01183253
01183441
01184049
01184257
01184641
01184721
01185281
01185521
01185693
01186477
01186561
01186753
01187065
01188353
01188801
01189001
01189883
01189945
01190523
01191021
01191681
01191945
01193001
01193886
01194221
01194301
01194329
01194881
01195797
01195849
01196001
01196226
01197330
01197441
01197841
01198020
01198199
01199265
01199361
01199497
01200001
01200465
01200771
01201601
01202081
01202387
01202729
01203201
01204193
01205121
01205441
01205569
01206373
01206397
01207141
01207583
01208001
01208041
01208081
01208726
01209217
01209601
01209651
01211461
01212769
01213094
01213195
01213406
01213407
01213681
01213801
01214401
01214625
01214721
01215026
01215201
01215681
01216001
01216041
01217181
01217481
01218036
01218117
01220001
01220369
01220405
01220467
01220657
01220801
01221805
01222245
01222721
01223841
01224001
01224501
01224517
01224861
01224967
01225001
01225251
01225601
01226241
01226585
01226951
01227441
01228497
01229161
01229825
01230001
01231101
01231185
01231649
01232641
01233091
01233553
01233639
01233761
01233913
01233973
01234049
01234921
01234961
01235641
01236865
01237251
01237381
01237501
01238101
01238337
01238767
01239089
01239841
01240001
01240053
01240961
01241697
01242101
01242113
01243161
01243665
01243801
01243905
01244161
01244417
01245561
01246451
01247113
01248001
01248066
01248480
01248513
01249017
01249426
01249601
01249921
01250001
01250335
01250961
01252001
01252385
01252476
01252687
01252824
01253121
01253201
01253301
01253473
01253501
01253871
01254563
01254850
01255221
01256191
01256741
01257081
01257409
01257501
01257717
01258001
01258003
01258341
01259001
01260577
01261331
01261493
01261577
01262401
01262713
01263041
01263889
01265441
01265801
01266017
01266145
01266273
01266293
01266401
01266501
01267001
01267057
01267141
01267893
01268641
01268741
01268781
01268787
01268801
01269141
01269329
01269393
01269761
01269867
01269971
01270039
01270881
01271169
01271201
01271233
01271381
01271417
01271585
01271665
01273441
01273873
01275137
01275221
01275705
01275713
01276097
01276289
01276441
01276461
01276485
01276917
01277073
01277076
01277121
01278055
01278361
01278401
01279185
01279377
01280001
01280121
01280161
01280401
01281201
01281351
01282655
01282726
01282902
01282961
01283041
01283201
01283417
01283451
01283809
01283813
01284001
01284217
01284851
01285121
01285377
01285405
01286337
01286401
01287681
01288017
01288377
01289091
01289581
01290001
01290081
01290921
01290961
01291001
01291101
01291521
01292401
01292521
01292545
01294081
01294385
01294401
01295025
01298761
01298889
01298945
01299361
01300001
01300045
01300153
01300202
01300225
01300481
01300671
01301001
01301501
01301761
01301781
01301941
01302161
01303041
01304401
01304907
01305121
01305491
01305601
01306081
01306150
01307937
01308161
01308361
01308476
01308481
01308606
01308751
01308806
01309245
01309906
01310001
01310081
01310437
01310671
01311127
01311221
01311489
01311643
01312001
01312295
01312525
01312545
01313001
01313071
01314033
01314721
01315493
01315577
01316088
01316705
01317281
01317681
01317921
01318017
01318101
01318401
01319665
01320561
01321601
01321681
01322001
01322241
01322401
01322751
01322909
01323001
01323329
01323641
01324169
01324581
01324865
01325665
01326561
01326849
01328881
01329013
01329601
01329901
01330153
01330241
01330945
01331169
01331345
01331445
01332001
01332901
01333791
01333825
01333864
01334019
01334281
01334401
01334841
01335376
01335505
01336129
01336325
01336577
01336689
01337601
01338241
01338501
01339281
01339377
01339601
01339921
01341121
01341211
01341561
01342001
01342241
01342961
01343233
01343425
01343486
01344001
01344081
01344471
01344801
01344961
01345025
01345237
01345780
01346321
01346771
01346789
01347681
01348099
01348297
01349121
01349617
01350145
01350501
01350743
01350977
01351121
01351201
01351813
01351981
01352121
01352401
01352561
01352801
01353095
01353201
01353217
01353609
01353701
01353749
01355009
01356001
01356065
01356561
01356617
01356909
01357001
01357401
01357652
01358041
01358281
01358465
01359201
01359401
01360001
01361521
01363053
01363137
01363401
01364001
01364225
01364393
01364861
01365007
01365249
01365626
01366401
01366465
01366777
01366861
01367545
01368975
01369601
01371601
01371777
01373751
01373753
01374473
01374646
01375009
01375377
01375761
01375969
01376001
01376201
01376921
01376951
01376958
01377101
01377281
01377881
01378401
01378501
01378721
01378741
01379309
01379857
01380401
01380501
01380871
01380901
01381101
01381241
01381329
01381349
01382401
01383417
01383476
01384001
01384771
01384941
01385031
01385537
01385977
01386261
01386321
01387677
01387681
01387996
01388749
01388857
01389001
01389445
01389701
01390431
01390546
01390701
01390881
01390907
01391001
01391441
01391461
01392221
01392641
01393001
01393153
01394177
01394341
01394369
01395461
01396929
01397341
01397501
01398201
01398801
01399297
01399545
01399810
01400001
01400071
01400121
01400173
01400305
01400481
01400577
01400721
01401169
01401313
01401601
01401981
01402237
01402841
01402989
01403281
01403501
01403697
01403801
01404421
01405001
01405401
01405801
01406209
01406721
01407201
01407585
01407639
01408001
01408065
01408249
01408481
01408691
01409601
01409777
01409897
01410579
01410767
01411145
01411201
01411425
01411697
01411841
01412001
01412099
01412311
01412801
01413516
01414401
01415097
01415181
01416041
01416321
01416501
01417121
01417881
01418401
01418605
01419376
01419481
01419918
01420565
01420711
01420801
01420921
01421461
01421601
01421689
01422001
01422101
01423841
01424001
01424233
01424446
01424465
01425601
01426703
01427201
01427537
01427956
01428156
01428173
01428237
01428383
01428525
01428745
01429121
01429853
01430801
01431001
01431117
01431416
01431446
01431501
01431726
01432001
01432171
01432381
01433601
01433785
01434643
01434689
01435841
01436001
01436561
01436912
01437233
01437657
01437775
01437815
01437841
01438461
01438901
01439361
01440367
01440577
01440761
01440921
01441025
01441161
01442229
01442601
01442649
01442999
01443101
01443265
01443457
01444345
01444441
01444497
01444531
01444775
01445861
01446001
01446105
01447001
01447497
01447681
01447859
01447937
01448171
01448801
01448961
01449051
01450273
01451001
01451265
01451601
01451843
01452049
01452537
01454261
01454529
01454657
01454961
01455601
01455775
01456501
01457245
01457345
01457937
01458164
01458401
01458601
01459441
01460201
01460401
01461537
01462401
01462641
01462801
01463521
01464001
01464577
01465761
01466001
01466126
01466241
01467201
01467829
01467999
01468001
01468209
01469401
01469729
01470801
01471345
01471481
01472081
01472101
01472161
01472881
01472941
01474169
01474271
01474728
01475169
01476321
01476881
01477202
01478401
01478461
01478726
01478913
01479361
01479681
01480001
01480911
01481601
01481729
01481831
01482497
01482621
01482701
01483041
01483679
01483801
01484007
01484601
01484673
01485169
01485208
01485581
01485615
01485761
01486465
01487105
01487449
01488401
01488481
01488513
01488825
01489201
01489313
01490401
01490601
01490768
01491061
01491318
01491702
01492097
01492793
01493745
01493761
01493901
01494017
01494401
01494535
01495081
01495531
01495917
01496001
01496161
01496321
01496785
01497345
01497601
01498049
01498401
01498585
01498681
01498753
01501311
01501529
01501601
01501869
01502813
01503617
01504001
01504297
01504321
01505461
01505741
01505969
01505995
01506201
01506391
01506433
01507266
01507321
01507841
01508561
01508601
01508609
01508706
01510125
01510181
01510425
01510486
01510801
01511113
01511651
01511865
01512081
01512440
01513681
01514001
01514057
01514401
01514801
01514881
01515201
01515521
01516001
01516883
01517321
01517529
01517581
01517817
01518465
01518616
01518881
01519169
01519801
01520001
01520261
01520641
01520769
01522801
01522895
01523041
01523094
01524099
01524373
01524535
01525101
01526221
01526233
01527089
01527841
01528597
01529217
01529511
01529521
01529681
01530401
01530577
01531165
01531201
01531393
01531801
01532861
01533001
01533633
01533697
01534081
01534217
01534241
01534753
01534784
01535001
01535401
01535649
01535796
01536001
01536203
01537261
01537601
01538401
01538751
01539393
01541053
01541773
01542025
01542053
01542301
01542401
01542451
01542551
01543881
01544873
01544961
01545201
01545556
01545916
01547105
01547161
01547611
01548681
01549041
01549501
01551728
01552321
01552641
01552834
01552851
01553291
01553921
01554901
01555233
01555393
01555729
01556481
01556759
01556993
01560001
01560321
01560501
01561169
01561601
01561641
01562169
01562297
01562501
01563021
01563265
01563701
01564033
01564401
01564857
01564929
01565801
01565809
01567777
01568225
01568897
01569281
01569505
01570249
01570305
01571301
01571585
01572801
01572837
01573153
01574401
01574641
01575201
01575447
01576001
01576051
01577505
01578113
01578241
01578561
01578881
01579431
01579601
01579649
01579777
01580041
01580061
01580305
01580881
01581801
01581814
01582369
01582601
01582681
01582841
01583345
01583351
01584097
01585811
01585897
01586177
01587521
01587585
01588001
01588433
01589417
01590221
01590545
01590725
01591025
01591816
01592001
01592513
01592785
01592901
01593401
01593551
01594201
01594881
01595041
01596125
01596801
01597426
01597601
01598177
01598641
01599151
01599377
01599801
01600001
01600193
01600237
01600691
01600921
01601953
01602001
01602185
01602438
01603593
01604569
01604971
01605051
01605111
01605161
01606291
01606697
01606849
01606861
01607161
01607301
01607576
01607585
01607835
01608101
01608641
01608785
01609001
01609121
01609329
01609871
01612161
01612545
01612576
01613472
01613553
01613601
01614001
01614045
01614649
01614701
01614776
01615169
01615393
01616259
01616556
01617361
01617511
01617515
01617777
01618926
01619321
01619831
01620801
01621321
01621425
01622401
01622801
01623001
01623121
01623265
01623475
01624591
01624641
01624921
01626113
01627009
01627207
01627421
01627437
01627505
01627761
01627919
01628001
01628126
01628301
01628545
01628561
01628601
01629221
01629441
01630241
01630977
01631401
01631409
01631558
01631593
01631601
01631719
01632081
01632161
01632261
01632301
01632532
01632593
01633761
01633841
01635001
01635501
01635801
01636041
01636313
01636326
01636481
01636609
01637601
01637849
01638273
01638401
01638433
01638521
01638809
01638977
01639425
01640001
01640551
01640733
01640790
01641221
01641561
01641601
01642377
01642730
01643001
01643271
01643841
01644729
01644801
01644877
01645302
01645601
01645953
01645981
01646433
01647193
01647201
01647233
01647561
01647853
01648129
01648261
01648449
01648601
01648625
01648726
01648801
01648841
01649281
01649681
01649739
01649841
01649921
01650001
01650421
01650481
01651201
01651721
01652449
01653401
01653561
01653761
01654193
01654657
01654993
01655001
01655463
01655761
01657281
01657595
01657687
01658281
01658561
01659661
01659905
01660001
01661281
01661505
01661537
01662001
01662093
01662401
01662601
01662641
01662876
01663321
01664001
01665001
01665331
01665441
01665825
01666689
01667011
01667201
01668097
01669101
01669201
01669421
01669761
01670041
01670401
01671661
01672961
01673361
01673601
01673817
01674198
01674226
01674369
01674401
01674561
01675136
01675173
01675555
01675681
01675939
01676091
01676161
01676177
01676385
01676501
01676621
01677231
01677321
01678151
01678873
01679606
01680001
01680121
01680321
01680641
01681081
01681665
01681953
01682089
01682529
01682621
01682948
01683511
01683841
01683849
01685601
01685761
01685769
01685841
01686081
01687913
01688065
01688342
01689081
01689601
01689851
01690359
01691713
01691776
01691841
01692977
01693371
01693529
01693751
01693761
01693985
01694201
01694601
01695001
01695701
01697055
01697121
01697633
01699641
01699801
01699825
01700321
01700449
01700497
01700913
01701249
01701371
01701433
01702001
01702501
01702673
01702693
01702721
01702881
01702936
01703281
01703389
01703941
01704249
01704721
01705041
01705505
01705751
01705761
01706033
01706553
01706769
01706881
01707081
01707449
01708385
01708421
01709195
01709313
01709529
01709991
01710001
01710011
01710209
01710661
01711721
01711821
01711905
01712557
01712701
01712807
01713529
01713921
01714601
01715281
01715693
01716651
01716681
01717681
01717761
01718911
01719139
01719201
01719521
01720321
01720641
01721201
01721371
01721429
01721537
01721801
01721817
01722001
01722209
01722341
01723473
01724801
01725137
01725351
01725545
01726001
01726140
01726751
01726785
01727331
01727361
01728513
01729041
01729901
01730173
01730481
01731330
01731716
01731841
01732161
01732241
01732437
01732889
01733026
01733131
01734401
01734577
01734581
01734826
01734841
01735035
01735801
01735953
01735969
01736119
01736801
01736913
01737641
01737715
01737942
01738026
01738381
01738501
01738506
01739201
01739841
01739901
01740026
01741241
01741489
01741557
01742041
01742076
01742181
01743361
01743593
01743601
01743633
01743721
01744102
01744881
01745153
01745913
01746945
01747713
01747841
01748281
01748321
01748494
01748609
01748845
01749089
01749247
01749497
01750001
01751001
01751301
01752801
01752911
01753025
01754537
01755201
01755777
01756233
01757016
01758501
01758721
01758871
01759483
01760001
01760265
01760601
01761057
01761129
01761905
01762001
01762151
01762161
01762421
01763441
01763525
01763529
01765001
01765121
01766001
01766401
01766537
01767169
01768161
01768341
01768361
01769861
01769981
01770001
01771121
01771441
01771841
01772033
01772161
01772961
01773001
01773289
01773471
01773841
01773913
01774081
01774312
01774331
01774947
01775313
01775371
01776513
01777269
01778011
01778038
01778401
01780353
01781505
01781577
01781981
01782501
01783101
01783151
01783201
01783601
01783751
01784041
01785081
01785429
01785441
01785515
01785985
01786001
01786501
01787009
01787649
01787665
01788957
01789021
01789085
01789301
01789441
01790351
01790473
01790657
01790977
01791547
01792001
01792129
01792897
01793361
01793508
01794393
01794465
01794621
01795073
01795517
01796001
01796161
01796509
01796801
01797076
01797761
01798169
01798401
01798785
01799041
01799809
01800129
01801501
01801721
01801985
01802041
01802881
01803105
01803185
01803485
01804023
01804035
01804761
01804801
01805129
01805801
01806720
01806721
01807121
01807141
01807677
01807681
01809137
01809153
01809573
01810201
01810289
01811601
01811649
01812237
01812865
01813521
01813761
01813845
01813921
01814048
01814465
01815866
01816571
01816897
01817281
01817379
01817601
01818401
01818521
01818777
01819267
01821001
01821169
01821211
01821499
01821525
01821601
01822121
01822403
01822569
01823001
01823351
01823461
01824001
01824409
01824513
01824897
01824985
01825281
01825409
01825761
01825851
01826201
01826321
01826477
01826857
01826901
01827049
01827239
01827851
01828041
01828461
01828577
01828601
01829001
01829041
01829071
01829181
01829337
01829601
01829761
01830001
01830081
01830237
01830311
01830411
01830889
01831361
01831501
01831641
01831665
01832027
01832521
01832961
01833057
01833061
01833377
01833601
01833793
01834241
01834445
01834561
01834881
01834955
01835001
01836801
01837569
01837905
01837937
01838177
01838422
01838505
01838681
01839041
01839401
01839631
01839741
01839979
01840257
01840751
01841821
01841985
01842737
01842881
01842921
01843201
01843581
01844049
01844097
01844411
01844521
01844561
01844737
01844901
01845104
01845161
01845337
01845761
01846081
01846201
01846401
01846561
01846876
01847473
01848041
01848601
01848769
01848901
01849096
01849721
01850701
01851013
01853993
01855301
01855361
01856001
01856516
01856545
01856921
01857001
01857579
01857665
01857777
01858361
01858401
01858421
01858521
01858531
01859201
01859500
01859521
01859573
01859591
01859601
01860001
01860356
01861569
01861633
01863001
01864657
01865281
01865721
01866201
01866241
01867203
01867522
01867841
01867921
01868289
01868301
01868897
01869065
01869121
01869826
01869953
01870273
01870321
01870401
01870977
01871032
01872001
01872201
01872321
01872898
01872977
01873161
01873921
01874368
01875553
01875697
01875725
01876001
01876385
01876545
01876609
01877721
01878121
01878321
01878751
01879041
01879201
01879601
01879645
01879801
01879809
01879813
01880001
01880391
01881171
01882249
01882509
01882881
01883211
01884621
01885521
01885876
01886321
01886561
01886601
01886721
01886901
01887321
01887329
01887441
01888235
01888961
01890273
01890881
01891441
01891585
01892193
01892241
01892360
01892481
01892967
01894049
01894234
01894651
01894836
01895501
01895661
01895746
01896769
01897401
01897761
01897841
01898069
01898201
01898505
01899501
01899737
01900345
01901488
01901905
01902342
01903746
01903905
01904001
01904385
01906433
01906631
01907105
01908037
01909201
01909441
01910017
01910401
01911377
01911501
01911649
01911793
01911841
01912001
01912501
01912809
01912893
01912969
01913021
01913501
01913937
01913985
01914001
01915781
01916241
01916501
01917366
01917591
01917881
01918465
01918861
01920001
01920601
01921089
01921301
01921793
01922041
01922201
01922516
01922753
01922945
01923088
01923529
01923751
01924161
01924561
01925401
01925851
01926001
01926575
01926895
01927001
01927041
01927461
01927601
01927871
01928961
01929101
01929457
01929501
01930362
01930769
01931165
01931521
01931809
01931875
01932639
01932661
01934081
01935041
01936001
01937177
01937631
01937921
01937953
01938357
01938656
01939621
01941601
01942102
01942465
01942513
01942641
01942929
01943425
01943657
01943933
01945801
01946619
01947351
01948161
01948751
01948833
01948857
01949053
01950369
01950721
01950813
01950849
01951481
01952001
01952201
01952251
01952257
01953281
01953329
01953793
01954193
01954321
01954501
01955241
01955569
01955741
01955751
01955969
01956353
01956841
01957026
01957255
01957387
01958001
01958529
01958721
01958771
01959393
01959745
01959833
01960041
01960201
01960947
01961301
01961473
01961601
01961726
01961977
01962041
01962753
01963793
01964673
01964801
01964841
01964863
01965313
01965425
01965526
01965561
01966097
01966406
01966561
01966601
01966875
01967241
01968001
01968217
01968481
01968833
01968913
01969151
01969313
01969397
01969921
01970001
01970671
01970856
01971451
01971933
01972035
01972171
01972501
01972737
01973185
01973729
01973761
01974177
01974801
01975101
01975265
01976405
01977121
01977473
01977501
01977921
01978101
01978411
01979501
01980505
01981101
01981171
01981631
01982031
01982161
01982273
01982346
01982873
01983281
01983701
01983751
01984376
01984463
01984666
01984737
01985281
01985297
01985409
01986561
01987041
01987147
01987665
01987993
01988733
01989121
01990081
01991451
01991501
01991601
01991921
01992993
01995009
01995141
01995257
01995501
01995601
01996401
01997185
01997257
01997281
01997521
01998069
01998337
01999021
01999257
01999971
02000001
02000361
02000821
02001409
02001410
02001411
02002681
02002945
02003201
02003301
02003841
02004001
02004441
02004457
02004836
02005510
02005601
02006017
02006051
02006121
02007041
02008193
02008577
02008663
02008701
02008957
02009057
02009449
02009601
02010021
02011073
02011451
02011636
02011973
02012541
02012681
02012801
02013421
02013681
02014641
02015041
02015251
02015581
02016001
02016657
02017141
02017201
02017524
02017601
02018201
02018621
02018771
02018953
02019001
02019006
02019025
02019281
02020101
02020661
02021251
02021481
02021591
02021621
02021861
02022711
02023421
02024225
02024421
02025121
02025141
02025517
02025729
02025793
02025803
02027001
02028561
02028751
02029601
02029769
02031091
02031357
02031457
02031501
02031641
02031841
02032351
02032513
02032737
02033301
02033937
02034529
02034711
02034781
02035713
02036001
02037717
02038145
02038881
02039201
02040001
02040161
02040501
02041299
02041337
02042501
02042513
02042676
02042769
02042885
02042961
02043201
02043421
02044401
02045021
02045209
02045321
02045649
02046001
02046126
02046497
02046513
02046577
02047511
02047629
02048001
02048601
02049193
02049601
02050581
02050817
02051305
02053061
02053201
02053521
02053569
02053601
02054601
02054626
02054837
02054921
02055041
02055174
02055385
02056113
02056641
02057201
02057301
02057361
02057521
02057589
02058033
02059265
02059361
02059376
02060161
02060401
02060409
02060673
02060801
02061441
02061553
02062677
02063033
02063257
02063297
02063929
02064247
02064321
02064481
02064501
02064751
02064761
02064817
02065201
02065409
02065481
02066001
02066113
02066897
02067201
02068753
02069641
02069761
02070881
02071044
02071745
02071881
02072323
02073681
02074201
02074301
02074791
02075121
02075601
02075781
02075877
02076033
02076161
02077539
02077565
02077569
02077753
02078401
02078497
02078949
02079841
02079969
02080001
02080025
02080411
02081169
02081727
02081861
02082353
02082485
02082625
02083137
02083313
02083701
02083841
02084121
02086691
02087041
02087321
02087617
02087681
02087761
02087985
02088001
02088334
02088641
02088721
02089201
02089427
02089928
02089992
02090267
02090301
02090331
02090881
02093361
02093389
02093481
02094489
02094801
02096251
02096517
02096641
02097111
02097169
02097201
02097353
02097371
02097877
02098281
02098489
02099201
02099681
02099905
02099937
02100721
02100737
02100865
02100971
02101313
02101747
02101905
02102465
02102689
02102801
02102913
02103041
02103257
02103325
02103393
02103617
02104721
02104881
02105125
02105601
02105801
02106492
02107153
02107361
02107545
02107921
02108265
02108561
02108971
02109669
02110121
02110161
02111201
02111667
02112021
02112193
02112961
02113217
02113561
02113581
02114601
02115201
02115361
02115947
02115969
02117233
02118401
02118801
02120001
02120401
02120841
02120961
02122081
02122506
02122673
02122721
02123121
02123201
02123241
02123826
02124237
02124361
02124761
02125001
02125249
02125251
02125717
02125734
02125761
02126813
02127729
02128449
02129301
02129417
02129649
02130297
02130301
02130785
02131251
02131261
02131361
02131553
02132367
02133185
02133701
02133945
02134823
02135361
02135718
02135761
02136001
02136321
02137153
02137601
02137785
02138695
02139001
02139777
02140562
02140801
02142041
02142501
02142801
02142881
02143081
02143287
02143305
02144257
02145404
02145421
02146001
02146489
02147793
02147857
02148745
02149626
02150601
02150701
02151137
02151724
02152001
02152217
02152237
02152247
02152297
02152337
02152537
02152929
02153411
02153601
02153689
02154233
02154817
02155721
02155846
02156449
02156497
02156801
02156833
02156897
02157741
02157969
02158401
02158641
02158901
02159391
02159501
02160293
02160681
02160881
02161153
02161537
02161626
02161905
02163250
02163481
02163593
02163613
02164625
02164889
02165101
02165281
02165443
02165885
02166343
02166576
02167281
02169345
02169921
02170081
02170124
02170565
02170657
02170661
02171297
02171361
02171521
02171577
02171901
02172801
02173001
02173441
02173953
02174251
02174401
02174721
02175045
02175601
02175881
02176001
02176041
02176401
02176449
02176461
02176751
02176889
02177559
02177665
02177803
02178001
02179143
02179535
02180896
02181341
02182401
02182641
02183399
02184145
02186601
02188081
02188161
02189281
02190081
02191425
02191621
02191641
02192001
02192717
02193121
02193153
02193801
02195201
02196529
02196801
02197851
02198691
02198825
02199021
02199185
02199873
02200001
02200161
02200777
02201521
02201761
02202929
02204929
02205001
02205021
02205736
02205761
02205903
02206301
02206401
02206421
02207133
02208001
02208320
02209041
02210011
02210091
02210401
02212161
02212341
02212441
02212877
02213121
02214081
02214145
02214601
02214967
02214977
02215633
02215681
02215841
02216641
02217051
02218145
02218821
02219201
02219265
02219352
02220221
02220761
02220801
02220909
02221101
02222001
02222081
02222281
02222497
02222641
02224141
02224407
02224641
02224841
02225601
02225841
02226129
02226209
02226561
02226713
02227001
02227089
02227101
02227201
02227401
02227413
02227476
02227591
02227921
02227969
02228401
02228721
02229673
02229761
02230625
02230701
02230753
02230785
02231761
02232801
02232961
02234561
02234704
02234781
02235057
02235473
02235721
02236161
02236361
02236481
02236771
02236977
02237041
02238209
02240001
02240129
02240401
02240421
02241025
02241225
02241251
02241281
02241345
02241441
02241473
02241537
02242103
02242561
02242817
02242881
02243876
02244101
02244153
02244171
02244631
02244965
02245289
02246401
02246801
02246903
02247121
02247201
02247921
02248001
02248509
02248861
02249521
02250001
02250321
02250331
02250401
02250673
02250801
02251397
02252545
02252941
02253281
02253569
02253731
02253853
02254901
02255041
02255121
02255241
02255521
02256001
02257423
02257553
02257897
02258193
02258301
02258689
02258801
02258853
02259451
02260001
02260917
02261171
02261201
02262401
02263513
02263553
02263879
02265089
02266081
02266240
02266401
02266929
02267001
02267261
02267425
02267601
02267787
02267825
02267865
02268973
02269697
02270001
02270161
02270901
02271476
02272001
02272401
02272501
02272857
02272961
02273105
02273971
02274361
02274445
02275001
02275073
02275226
02275353
02275413
02275841
02276001
02276471
02276640
02277121
02277201
02277505
02279303
02279751
02279821
02280065
02280353
02280961
02281501
02281641
02281744
02282001
02283137
02283313
02283681
02283825
02284001
02284105
02284409
02284801
02285251
02285971
02286289
02286811
02287841
02288001
02288265
02288449
02288501
02288743
02288993
02289057
02289401
02289505
02289751
02290001
02290401
02290521
02291201
02291526
02292389
02293665
02293841
02295001
02295076
02295917
02297033
02297098
02297793
02297857
02298001
02298115
02298401
02298533
02299001
02299045
02299053
02299431
02299593
02299721
02300465
02300609
02300641
02300763
02300817
02300865
02301801
02302471
02302685
02302689
02303497
02304011
02304241
02304401
02304601
02304639
02304769
02304961
02305041
02305185
02305281
02305601
02305689
02306533
02307296
02307461
02307677
02307881
02308321
02308353
02308491
02308691
02310033
02310751
02310753
02310764
02310781
02312065
02312471
02312641
02313081
02314001
02314061
02314701
02314941
02315471
02317001
02317641
02318465
02318881
02319491
02320001
02320841
02321281
02321429
02322301
02322411
02322561
02322761
02323001
02323842
02324145
02325105
02325377
02325761
02325841
02325981
02326017
02326995
02327041
02327601
02327881
02328001
02328501
02329226
02329769
02330743
02331566
02331761
02332245
02333441
02334685
02334801
02335211
02335345
02335801
02335840
02335881
02336601
02337769
02337881
02338001
02338049
02338081
02340713
02340715
02341121
02342283
02342785
02344361
02344577
02344793
02344803
02344881
02344993
02345491
02345601
02345857
02346017
02346241
02346969
02347301
02348197
02348321
02348401
02348801
02349097
02349193
02349241
02349601
02349793
02350127
02350337
02351361
02351836
02352001
02352196
02353153
02353246
02353361
02353861
02354177
02354577
02354817
02355129
02355233
02355601
02355863
02356121
02357269
02357281
02357321
02357505
02357793
02357889
02358049
02358361
02358785
02358946
02359201
02360281
02360595
02360657
02360811
02361325
02362171
02362297
02362614
02363041
02363521
02365441
02365545
02366121
02366271
02366481
02366721
02367341
02368001
02368597
02369057
02369161
02369521
02370001
02370433
02370481
02370497
02370881
02371001
02371841
02372001
02372042
02372501
02373033
02373201
02373751
02373857
02374347
02374831
02374966
02374977
02375001
02376521
02376961
02377001
02377051
02377201
02377401
02377601
02378241
02378369
02378601
02378721
02378937
02379049
02379233
02379856
02380001
02380719
02381001
02381429
02381825
02382049
02383489
02384001
02384361
02385497
02385713
02386801
02386833
02387201
02388161
02389985
02390201
02390241
02390281
02390785
02391811
02392401
02392581
02393478
02393521
02393921
02393979
02394001
02395017
02395309
02395441
02395593
02395617
02395841
02396141
02396241
02396601
02397001
02397521
02397552
02398249
02399189
02399217
02399265
02399594
02400385
02400486
02402221
02402291
02402401
02403241
02403281
02403401
02403745
02403841
02404601
02404661
02404865
02405001
02405601
02405857
02406401
02407511
02407793
02408141
02408961
02409261
02409573
02409601
02410241
02410626
02410881
02411601
02412161
02413089
02414081
02414146
02414771
02415001
02415461
02415901
02415905
02416251
02416513
02418401
02419121
02419201
02419209
02419346
02420993
02421294
02421441
02421481
02421745
02422051
02422641
02423199
02423201
02424297
02424321
02424449
02424705
02425251
02425481
02425761
02426936
02427021
02427084
02427377
02427826
02428057
02428497
02428861
02429345
02429697
02429953
02430417
02430951
02431076
02431701
02432001
02432073
02432611
02432641
02432741
02432989
02433025
02433851
02434771
02434799
02435001
02435193
02435816
02436097
02438093
02438313
02439001
02440837
02441021
02441217
02441281
02441329
02442641
02442773
02443161
02444297
02444311
02445161
02446441
02446529
02446601
02447141
02447601
02447911
02448651
02448801
02449377
02449521
02449851
02449921
02450001
02450529
02450841
02451051
02451121
02451201
02452913
02453169
02453279
02453601
02453681
02453929
02454001
02454401
02454601
02454691
02454769
02455231
02455748
02456321
02456451
02457217
02457769
02458081
02458309
02458761
02458861
02459029
02459545
02460049
02460601
02461103
02461761
02461857
02462501
02463361
02464641
02464881
02465061
02465281
02465351
02465503
02465569
02465911
02466689
02466817
02467193
02467201
02467247
02467841
02467953
02469061
02469139
02469237
02470401
02470501
02470673
02470881
02471289
02471401
02471681
02472033
02472201
02472261
02473017
02473241
02473889
02474454
02474489
02474865
02475501
02475517
02475521
02475577
02475601
02475761
02477441
02478553
02478769
02478801
02478857
02479353
02479761
02480641
02480731
02481921
02482113
02483473
02484501
02484937
02485761
02487501
02487721
02489441
02490801
02491201
02491281
02492635
02492801
02493391
02493431
02493921
02494001
02494301
02494697
02494801
02494833
02495121
02495233
02495780
02496801
02496869
02497801
02497809
02497985
02498001
02498401
02499245
02499711
02500001
02500061
02500081
02500097
02500161
02500178
02500471
02500609
02501148
02503169
02503431
02503841
02503861
02504071
02504181
02504641
02504737
02504961
02506001
02506881
02507441
02507602
02507781
02507961
02508049
02508656
02509041
02509071
02509311
02510001
02510051
02510719
02510945
02510961
02511501
02512641
02512769
02512801
02513057
02513417
02513441
02513527
02513720
02514241
02514485
02514689
02514711
02515865
02516401
02516691
02516982
02517091
02517201
02518417
02519681
02520889
02520962
02521401
02521441
02521507
02521921
02523601
02524161
02524801
02524865
02525779
02526441
02526561
02527181
02527233
02527241
02527361
02527401
02527841
02528031
02528326
02528977
02529281
02529751
02530251
02530305
02530841
02531225
02531513
02531767
02531841
02531945
02532321
02532541
02533141
02533401
02534145
02534905
02534913
02535001
02535353
02536001
02536177
02536961
02537053
02537601
02538113
02538241
02538313
02538605
02538741
02539201
02539231
02539401
02539646
02539682
02539811
02542401
02542537
02543548
02543593
02543969
02544001
02544401
02544705
02545101
02545601
02545607
02546390
02546731
02547409
02547499
02547601
02548448
02548477
02549057
02549450
02549521
02549761
02550001
02551009
02551297
02552001
02552185
02552321
02552427
02552465
02552501
02552641
02553601
02553701
02554531
02555001
02555069
02555157
02555937
02556001
02556177
02556291
02556481
02556549
02556850
02557025
02557241
02557485
02558017
02558593
02558721
02559009
02559409
02559681
02560001
02560817
02561081
02561445
02562129
02562541
02563201
02563501
02563841
02564201
02564381
02564609
02564713
02564881
02565121
02565901
02566181
02566273
02566945
02567251
02567301
02567501
02567571
02567657
02567705
02568271
02568377
02568751
02568987
02569501
02569729
02570001
02570693
02570961
02571057
02571101
02572569
02572641
02573137
02573537
02574701
02575009
02575184
02575521
02576865
02577121
02577201
02577281
02577473
02577941
02578051
02578411
02579081
02579321
02579371
02579501
02579825
02580001
02581626
02581761
02581817
02582001
02582085
02582351
02582641
02582686
02582785
02583977
02584001
02584321
02584481
02584641
02584876
02585001
02585129
02585321
02585329
02585387
02585569
02585571
02585601
02585701
02586541
02587265
02587641
02587761
02587877
02588481
02588513
02588801
02588806
02589121
02590531
02590626
02590721
02591011
02591169
02591561
02591857
02592057
02592289
02592421
02593281
02593401
02593601
02593861
02594601
02595009
02595297
02595453
02596061
02596757
02597051
02597609
02598101
02598240
02598319
02598611
02598726
02599409
02599971
02600001
02600081
02600469
02600513
02600542
02600881
02601651
02603457
02603537
02603921
02604001
02604321
02604481
02604801
02605181
02606101
02606201
02606401
02606711
02607057
02607061
02607631
02608181
02609017
02609345
02609723
02610401
02610921
02612001
02613377
02613561
02613629
02614001
02614401
02617081
02617201
02617361
02618241
02618801
02618881
02618985
02619417
02620001
02621406
02621421
02621441
02621505
02621621
02621651
02622201
02622981
02623041
02623273
02623713
02623729
02624401
02624811
02625537
02625751
02626313
02626817
02627107
02627301
02627519
02627681
02627801
02628001
02628097
02628649
02629057
02629085
02629156
02630092
02630721
02631105
02631201
02632155
02632281
02632385
02632392
02632893
02633076
02633121
02633201
02634348
02634961
02635405
02636221
02636961
02637435
02637633
02637961
02638081
02638297
02638322
02639641
02640481
02640641
02641961
02642791
02642801
02642921
02642951
02643073
02643076
02643201
02644901
02645585
02646101
02646351
02646517
02647491
02647801
02647921
02648329
02648391
02649011
02649251
02649377
02649393
02649851
02651301
02651321
02652001
02653441
02654131
02654281
02654561
02654801
02654931
02655021
02655101
02655521
02656665
02657537
02657865
02658561
02658817
02659681
02659811
02660361
02660481
02660881
02661101
02661441
02661701
02661761
02661981
02662401
02663169
02663505
02663621
02663681
02663921
02664001
02664101
02665173
02665473
02665865
02665921
02666201
02666411
02666561
02668133
02668541
02668721
02668737
02669501
02669601
02670961
02671473
02672786
02673601
02673841
02673905
02674153
02674524
02675411
02675851
02675913
02676261
02676545
02676685
02676801
02677121
02678109
02680001
02680129
02680237
02681001
02681217
02681825
02682401
02682801
02682881
02683649
02684313
02684801
02685089
02685179
02685185
02685441
02686081
02686401
02686961
02687001
02688001
02688701
02689421
02689753
02690141
02691045
02691201
02691321
02691461
02692353
02692833
02693601
02693841
02694401
02694481
02694641
02695073
02695457
02695781
02696497
02696606
02696641
02697613
02697681
02698561
02699201
02699241
02699989
02700153
02700801
02701441
02702211
02702286
02702465
02702575
02702629
02703041
02704691
02705001
02705409
02706481
02706817
02706881
02707817
02708081
02708921
02709121
02709681
02709825
02709937
02710126
02711649
02711961
02713345
02714061
02714401
02714625
02716961
02717271
02717441
02718201
02719001
02720001
02720513
02720681
02720876
02720881
02721773
02721895
02722001
02722556
02723929
02724353
02724376
02724971
02724999
02725951
02726176
02727031
02727985
02729537
02730241
02730281
02731056
02731541
02731597
02731666
02731881
02732001
02733025
02733153
02734017
02734021
02734081
02734225
02734583
02735437
02735681
02736581
02736801
02737121
02737351
02737921
02737951
02738001
02738753
02738756
02739105
02739201
02740321
02740673
02740809
02740891
02741175
02742273
02743351
02743627
02744873
02744901
02745425
02746309
02746841
02747881
02748149
02748161
02748225
02749453
02750201
02750266
02750401
02750497
02751401
02751649
02751681
02752001
02753201
02754241
02754369
02754941
02754961
02755001
02755097
02755101
02755201
02756273
02756737
02756797
02756961
02757121
02757541
02758081
02759009
02759442
02759617
02759901
02760101
02760241
02760815
02760881
02761161
02761601
02761985
02762081
02763123
02763139
02763219
02764159
02764401
02764585
02765201
02765249
02765441
02765761
02766129
02766166
02766401
02766619
02767761
02768001
02768863
02768961
02769879
02770201
02770721
02771101
02771913
02771969
02774225
02774641
02774725
02776381
02776801
02777665
02777911
02778001
02778881
02779001
02779015
02779206
02779537
02780417
02780795
02780801
02781141
02781281
02783751
02783921
02784257
02784737
02785126
02785481
02786241
02786689
02787932
02788033
02788385
02788881
02789001
02789165
02789221
02789553
02789751
02790265
02791035
02791487
02792001
02792201
02793201
02793511
02793591
02793601
02793881
02794401
02794581
02794751
02794857
02795051
02795311
02795553
02795801
02795876
02796401
02796447
02796801
02797182
02797217
02797825
02797937
02799049
02799521
02799601
02799881
02799945
02800001
02800825
02801061
02801126
02801277
02802113
02803137
02803201
02803311
02804001
02804481
02805441
02805809
02805841
02806141
02806721
02807281
02807681
02807841
02808825
02808901
02809049
02809181
02809437
02809689
02809713
02809841
02809857
02809905
02810401
02810617
02812433
02813553
02813697
02814081
02814721
02815001
02815201
02815553
02815701
02816473
02816601
02817121
02817441
02817981
02818301
02819585
02819796
02820001
02820481
02820786
02820881
02821409
02821445
02821819
02821927
02822691
02823217
02823791
02824001
02824122
02824161
02824801
02825521
02826481
02827345
02827521
02828701
02828929
02828993
02829057
02829201
02830081
02830201
02830209
02830401
02830583
02830597
02830841
02831201
02831468
02831981
02832319
02832641
02832811
02832899
02833209
02833273
02833921
02834165
02834376
02835201
02835859
02837001
02838731
02838901
02839201
02839577
02839713
02840001
02840337
02841181
02841601
02842332
02842457
02842501
02843801
02844001
02844097
02844401
02844929
02845505
02845953
02846341
02846593
02846631
02846657
02846961
02847681
02848801
02849121
02850465
02851491
02851793
02852001
02852894
02853117
02854401
02855001
02855521
02855569
02855697
02855761
02856001
02856541
02856577
02856971
02857057
02857361
02857413
02857577
02858689
02859521
02860096
02860426
02860521
02861023
02861211
02861377
02861505
02861801
02862051
02862401
02863301
02864881
02865041
02866305
02866570
02866717
02867089
02867193
02867409
02867525
02867713
02867769
02868029
02868833
02868993
02869281
02870145
02870465
02870657
02870969
02871576
02871613
02872321
02872961
02873649
02873746
02874113
02875305
02876401
02876566
02877601
02877721
02878401
02878561
02879361
02879861
02879871
02880001
02880376
02880791
02880869
02880961
02881251
02881255
02881537
02881681
02882221
02882361
02882890
02883161
02883201
02883327
02883425
02883599
02884321
02884529
02885457
02885901
02886353
02886923
02887501
02887841
02888001
02888321
02888521
02888849
02889946
02890201
02890401
02890753
02890991
02891001
02891441
02891665
02891881
02891951
02892001
02892673
02893001
02893357
02893456
02893849
02893990
02894310
02894641
02895301
02895361
02895373
02895529
02895801
02895809
02896208
02896241
02896276
02896421
02896581
02896601
02896751
02897501
02897672
02898721
02898801
02899177
02899281
02899841
02899951
02900161
02901161
02901521
02902065
02902241
02902361
02902401
02902521
02903041
02903793
02904357
02904405
02905601
02905645
02906161
02907051
02907261
02907441
02908001
02908393
02908521
02908801
02909181
02909267
02909661
02909761
02910365
02911521
02912001
02913871
02914001
02914097
02914497
02914801
02915329
02915777
02916485
02916801
02917185
02917361
02918401
02918449
02920081
02920965
02921026
02921091
02921517
02922153
02922221
02922981
02923345
02924045
02924081
02924361
02924801
02924876
02925485
02925509
02926241
02926876
02927617
02928465
02928548
02929626
02930187
02930521
02930857
02931791
02932001
02932801
02933681
02934601
02934801
02935633
02936001
02936577
02936649
02937001
02937601
02937721
02938701
02938789
02939749
02939921
02940001
02940361
02940929
02941101
02941241
02941601
02941809
02942501
02943001
02944891
02945037
02945077
02945201
02945817
02946801
02947601
02947691
02948429
02948801
02949121
02949376
02950021
02950401
02950971
02951987
02952001
02952257
02952893
02952951
02953021
02953278
02953601
02954424
02954601
02955169
02956053
02956393
02956513
02957361
02957608
02957678
02958067
02958256
02958531
02959201
02959349
02959411
02960001
02961301
02961361
02961773
02961793
02961861
02962087
02962177
02962433
02963018
02963501
02964001
02964993
02965041
02965081
02965657
02965975
02966193
02967273
02967361
02967477
02968401
02968577
02968776
02968801
02968833
02968981
02970753
02970971
02971057
02971227
02971521
02972001
02972111
02972481
02972981
02973441
02974481
02974851
02975153
02975201
02975233
02975471
02975671
02975741
02976001
02976251
02976401
02976961
02977679
02977793
02978081
02978486
02978817
02979201
02979697
02979941
02980001
02980321
02980737
02981710
02981761
02982601
02982649
02983169
02983291
02983731
02984021
02984631
02985271
02985681
02986497
02986581
02986865
02986881
02987137
02988001
02988441
02988625
02989521
02989526
02990171
02990401
02990651
02990961
02991001
02991617
02992089
02992429
02992865
02993281
02993409
02993884
02994189
02994401
02995201
02995531
02995865
02996793
02996801
02997433
02997583
02997701
02998017
02998193
02998657
02999625
02999737
02999841
03000001
03000225
03000649
03000881
03001017
03001601
03002529
03002671
03002801
03004289
03006201
03006473
03006751
03007001
03007206
03008001
03008321
03009321
03009793
03010471
03012971
03013377
03013585
03013713
03013721
03014207
03014726
03015151
03015161
03015231
03015441
03015741
03015761
03016049
03016236
03016833
03016961
03017121
03017601
03017953
03018271
03018721
03018801
03018901
03019225
03019481
03020177
03020269
03021281
03021361
03021597
03021601
03022401
03022849
03023521
03024001
03024321
03024398
03024481
03024641
03024823
03024897
03027585
03027841
03027969
03030703
03030956
03031091
03031773
03032301
03032401
03032441
03033017
03033601
03033961
03034001
03034745
03035021
03036001
03036191
03036247
03036417
03036737
03036829
03037313
03037441
03038841
03039345
03040001
03040769
03041281
03041409
03042881
03043121
03043217
03043291
03043625
03044625
03045537
03045553
03045581
03045737
03046001
03046401
03046481
03046493
03046801
03047501
03047665
03048251
03048426
03048481
03048817
03048936
03049201
03049601
03049611
03049729
03049921
03050001
03052253
03052771
03052801
03053181
03053241
03053569
03053921
03054401
03054433
03054581
03054721
03054865
03054905
03055201
03055265
03055809
03056346
03056641
03056801
03057049
03057201
03057601
03058241
03058841
03059089
03059201
03059501
03059745
03060001
03060501
03060801
03061369
03061481
03062561
03063233
03063792
03063921
03064001
03064449
03065181
03065297
03065681
03066401
03066881
03067201
03067721
03068105
03068359
03068665
03068801
03068993
03069355
03069656
03069816
03070081
03070801
03071201
03071473
03071793
03071857
03072001
03072289
03072601
03072993
03073181
03073511
03073977
03075361
03075705
03075841
03076217
03076401
03076417
03076973
03077121
03077521
03077781
03079217
03079489
03079937
03080577
03081201
03081421
03081745
03081793
03081803
03082151
03082821
03082871
03083269
03084433
03084523
03085249
03086217
03087361
03088001
03088641
03088669
03090257
03090369
03091041
03091305
03091777
03091841
03093501
03094001
03094481
03094529
03094841
03094913
03094981
03095199
03095240
03096401
03096865
03097481
03099201
03099457
03099841
03100001
03101025
03101121
03101673
03101736
03101825
03102321
03103561
03103697
03104121
03105857
03106501
03106561
03107451
03107849
03108001
03108297
03108321
03108481
03109185
03109281
03109585
03109837
03109881
03110243
03111183
03111209
03111733
03111841
03112071
03112133
03112681
03112961
03113201
03114241
03114401
03114415
03114561
03114901
03115201
03116021
03116481
03116977
03117401
03117753
03118081
03118676
03118711
03120321
03120577
03120991
03121081
03121121
03121232
03121249
03121401
03122376
03122433
03122571
03122641
03122689
03122811
03123073
03123477
03124261
03124307
03124473
03124541
03124961
03125001
03125149
03125161
03125913
03127001
03127051
03127065
03127951
03128053
03128161
03129001
03129329
03130113
03130401
03130509
03130651
03130739
03130841
03130953
03131809
03132145
03132661
03132859
03133845
03134081
03135901
03137037
03137441
03137501
03137537
03137665
03137673
03138481
03138817
03139295
03139505
03139644
03139841
03139969
03140001
03140271
03141051
03141101
03141421
03142281
03142641
03142981
03143577
03143617
03143630
03143737
03143795
03144001
03144141
03144601
03145201
03146121
03147521
03147905
03149441
03149793
03150203
03150721
03151933
03152065
03152641
03152761
03153601
03153830
03154433
03154721
03155121
03155201
03155301
03156129
03156161
03156225
03156260
03156401
03156741
03156901
03156981
03157241
03157265
03157761
03158000
03158529
03158561
03158721
03159551
03159571
03159901
03160001
03160281
03162501
03163637
03163721
03163849
03164241
03164699
03165409
03165787
03166026
03166657
03166721
03166751
03167201
03167241
03167361
03167421
03167741
03169281
03170007
03171065
03171251
03171856
03172561
03172753
03172945
03173601
03174017
03174233
03174401
03174933
03175793
03175945
03176193
03176401
03176833
03176993
03177041
03177201
03177353
03177611
03177651
03177753
03177761
03178101
03178449
03178773
03179201
03179681
03180247
03180801
03182161
03182881
03183521
03183861
03185601
03186001
03186561
03186711
03187001
03187141
03187501
03187841
03188001
03188105
03188681
03189761
03190001
03190148
03190801
03190977
03191225
03191778
03192001
03192337
03193001
03193085
03193493
03193601
03193801
03194121
03194201
03195201
03195365
03195626
03196001
03196445
03197441
03197451
03197533
03198069
03198921
03199777
03199809
03200001
03200041
03201081
03201311
03201921
03202637
03203657
03204097
03204401
03204501
03205625
03206611
03206641
03209041
03209089
03209396
03209625
03210241
03210401
03210537
03210675
03211041
03211251
03211361
03211953
03212081
03212201
03212961
03213761
03214459
03214801
03214881
03215321
03215457
03215521
03215745
03215809
03215841
03216541
03216561
03216827
03216867
03217683
03218369
03219751
03220801
03221511
03221861
03223689
03224201
03224321
03224609
03225277
03225497
03225781
03225999
03226287
03226481
03227147
03227201
03227601
03227905
03228081
03228361
03228401
03228711
03228757
03228801
03229361
03229881
03229889
03230150
03230689
03230721
03230861
03230960
03231057
03231501
03231986
03231993
03232081
03232721
03233501
03233589
03233801
03234251
03235001
03235041
03236501
03236561
03236861
03238081
03239009
03239457
03239681
03240016
03240201
03240513
03240633
03241571
03241697
03242001
03242241
03242281
03242537
03243649
03244257
03244801
03245001
03245341
03245441
03245705
03246401
03246497
03246561
03247264
03247681
03248001
03249121
03249187
03249541
03250201
03250289
03250521
03251201
03251373
03252353
03252641
03252707
03252993
03253057
03253321
03253521
03253845
03253857
03254161
03254568
03254601
03254785
03255361
03256001
03256451
03256514
03256586
03257601
03258305
03258501
03259036
03259169
03259601
03259761
03261185
03262199
03262201
03262501
03262581
03262795
03263001
03263233
03263321
03264001
03264185
03264715
03265161
03265787
03266217
03266251
03266301
03266513
03266561
03266801
03267201
03268369
03268673
03268971
03269081
03269091
03269217
03269631
03269919
03270201
03270401
03271226
03271771
03271921
03272001
03272065
03272177
03272371
03274201
03275601
03276001
03276073
03276601
03276785
03277057
03278271
03278401
03278721
03279001
03279041
03279281
03279549
03279561
03279769
03280001
03280101
03280281
03280411
03280451
03280825
03282091
03282537
03283201
03283481
03284001
03284079
03284193
03285601
03285641
03286081
03286501
03287853
03288681
03289281
03290079
03290161
03291129
03291601
03291651
03291921
03292581
03292601
03292673
03292901
03293577
03294445
03295441
03295457
03295729
03296401
03296513
03297361
03298121
03298541
03299841
03300161
03301021
03301121
03301521
03302001
03302401
03302913
03303001
03303169
03304033
03304121
03306241
03306357
03307421
03308001
03308985
03309461
03309849
03310041
03310337
03310626
03310693
03310857
03310969
03311351
03311361
03311865
03312701
03313201
03313641
03313729
03313921
03314113
03314161
03314361
03315541
03315745
03316407
03316581
03316705
03316817
03316867
03316945
03317441
03318255
03318725
03319095
03319337
03321236
03321331
03321361
03321889
03321921
03322033
03322211
03322301
03322633
03322993
03325615
03325953
03326805
03326945
03328761
03329001
03329377
03330113
03330753
03330993
03331969
03331985
03332311
03332354
03333571
03334079
03334105
03334305
03334369
03334901
03335325
03335329
03335429
03335781
03336001
03336241
03336643
03337309
03337473
03339433
03339521
03339537
03339622
03339776
03340001
03340161
03340385
03340401
03340533
03340578
03340601
03341511
03341641
03342401
03342689
03342801
03344157
03344561
03344867
03344976
03345601
03345705
03346569
03347361
03347993
03348417
03348653
03348899
03348947
03349335
03349451
03349856
03349889
03350121
03350785
03350953
03351601
03351681
03352306
03353167
03353305
03354161
03354201
03354451
03354696
03355281
03356046
03357046
03357537
03357601
03357653
03357913
03358745
03358851
03359270
03360001
03361891
03362753
03363051
03363201
03363365
03363661
03364041
03364145
03364385
03364449
03364481
03364801
03366011
03366513
03366865
03367251
03367361
03367585
03367601
03367696
03368001
03368321
03368521
03368769
03369001
03369261
03369844
03370054
03370881
03371329
03371413
03371449
03371777
03372161
03372710
03372801
03373081
03373401
03373577
03374137
03374501
03376001
03376061
03376769
03376859
03377321
03377601
03378081
03378433
03378501
03378761
03379121
03379201
03379481
03379621
03379633
03379701
03379841
03380401
03380501
03380571
03380737
03381201
03382177
03382191
03382721
03382801
03383001
03383041
03383705
03384577
03384657
03386019
03386241
03386801
03386833
03387406
03387825
03388001
03388111
03388613
03388877
03389361
03391041
03391331
03391765
03392001
03393153
03393537
03393601
03393781
03394641
03395343
03395921
03396289
03396351
03396609
03396865
03397121
03397164
03398081
03398501
03398849
03399185
03399601
03399633
03400001
03400101
03400581
03401441
03401601
03401841
03402805
03403041
03403057
03403611
03403801
03404381
03404779
03404856
03404957
03405416
03405601
03406001
03406251
03407361
03407873
03408001
03408705
03409041
03409921
03410561
03411331
03411713
03411905
03413041
03413201
03413441
03415801
03415885
03416009
03416065
03416321
03416401
03416611
03416761
03416769
03416833
03416961
03418017
03418131
03419275
03420001
03420321
03420351
03420745
03421217
03421268
03422081
03422241
03422869
03423179
03423541
03423617
03425277
03426065
03426273
03427001
03427165
03427361
03427701
03427746
03427841
03429225
03430081
03430251
03430691
03431288
03431489
03432001
03433201
03433345
03433473
03433921
03434321
03435601
03435996
03436161
03436326
03436551
03436801
03436913
03437121
03437511
03437621
03438721
03438951
03439281
03439651
03439789
03440369
03440961
03441153
03441281
03443009
03443201
03443401
03443601
03443676
03443733
03444401
03445401
03445561
03446729
03446919
03448001
03448221
03448241
03448321
03448961
03449231
03449248
03449516
03450451
03450625
03451201
03451701
03451857
03452791
03452831
03453065
03453337
03453441
03454001
03455151
03455665
03455741
03455881
03456001
03456721
03456723
03456771
03457181
03457201
03457333
03458481
03458913
03459347
03460524
03460701
03460929
03461117
03461225
03461377
03462001
03462113
03462326
03462529
03463201
03465459
03466570
03466876
03467001
03467297
03467347
03468001
03468626
03470001
03470529
03471105
03471431
03471501
03471831
03471851
03472001
03472301
03472521
03472791
03473009
03473880
03474209
03474509
03474801
03474805
03474961
03475017
03475601
03476517
03476801
03477269
03478809
03478921
03479081
03479553
03480001
03480239
03480481
03480537
03481047
03481105
03481925
03482625
03483226
03483901
03483981
03484385
03484617
03484801
03484977
03485021
03485117
03485537
03485601
03485751
03486096
03486645
03487201
03487425
03488001
03488801
03488989
03489441
03490001
03490041
03490475
03491041
03491433
03492401
03492689
03492769
03492982
03493041
03493377
03493570
03493889
03494401
03495118
03495211
03495593
03495961
03496001
03496833
03497137
03497273
03497665
03497901
03498519
03499101
03499889
03500001
03500111
03500593
03500689
03501201
03502173
03502561
03502705
03502876
03503001
03503361
03504001
03504091
03504253
03504359
03504481
03504625
03505009
03505137
03505691
03506251
03506749
03506917
03507115
03507501
03508031
03508201
03508361
03508721
03508831
03509009
03509013
03509633
03509901
03510041
03510111
03510131
03510289
03510401
03511305
03511481
03511881
03512529
03512551
03512601
03512927
03512929
03513601
03513861
03514561
03515873
03515901
03516161
03516251
03516338
03516601
03516609
03518177
03518473
03518641
03518786
03520001
03520266
03521321
03521921
03522177
03522521
03522945
03523329
03523401
03523952
03526401
03527013
03527138
03527201
03527323
03527873
03528329
03528713
03528961
03529381
03530201
03530241
03530801
03530961
03531091
03531521
03531661
03531701
03532273
03533473
03533601
03533715
03534252
03534785
03535061
03535873
03536161
03536199
03536326
03537281
03538481
03538593
03538721
03538817
03539132
03539201
03539425
03539681
03539829
03539841
03539901
03540001
03540801
03540853
03542311
03542833
03542873
03543009
03543021
03543505
03543901
03544313
03544599
03544833
03545173
03545217
03545249
03545557
03546497
03546881
03549949
03550001
03550321
03550626
03551201
03551705
03552401
03552941
03553025
03553221
03553473
03553647
03555421
03555681
03555841
03555881
03555971
03557201
03557353
03557589
03557825
03557829
03558051
03559201
03560186
03560641
03560705
03560901
03561777
03561793
03562105
03562501
03563165
03563201
03563601
03564801
03564866
03564897
03565209
03565281
03565521
03565561
03566081
03566201
03566301
03566401
03566481
03567001
03567391
03567433
03568323
03568585
03569001
03569191
03569549
03569921
03569949
03570065
03571121
03571201
03571249
03571353
03571645
03571857
03572001
03572209
03573001
03573153
03573217
03573221
03573289
03573293
03573736
03573761
03574209
03576497
03576666
03576751
03577263
03577601
03578221
03578678
03578737
03579016
03579355
03579561
03579911
03581001
03581441
03581501
03581760
03581953
03582685
03583001
03583601
03583649
03583801
03584769
03584833
03585067
03585141
03586001
03586049
03586151
03587601
03588033
03588221
03588481
03588553
03588929
03588961
03589193
03589317
03590401
03590941
03591367
03591881
03592285
03592597
03592641
03593501
03593601
03594017
03594433
03594548
03595257
03595587
03595651
03595713
03596385
03596801
03597601
03597745
03597761
03597876
03597985
03598241
03598811
03599201
03599501
03600001
03601001
03601047
03601121
03601329
03601393
03601501
03602321
03602561
03603201
03603647
03604065
03604295
03604441
03604541
03604599
03604961
03605118
03605609
03605969
03606433
03606553
03606785
03607041
03607553
03608741
03609401
03609491
03609723
03611001
03611371
03611393
03611821
03612001
03612369
03612801
03613101
03613721
03614001
03614081
03614209
03614601
03614721
03615297
03615453
03615651
03617641
03617941
03618365
03618441
03619041
03619289
03619601
03619907
03621031
03621121
03621453
03621537
03621801
03622129
03622201
03622368
03622453
03622657
03622849
03623254
03623447
03624041
03624201
03624577
03624641
03625101
03625345
03625489
03625513
03626001
03626433
03626801
03627113
03627151
03627451
03628101
03628741
03628751
03629017
03629593
03630191
03630961
03630971
03631783
03632001
03632081
03632801
03632837
03633261
03633921
03634101
03634241
03634791
03635201
03635521
03636201
03636561
03637169
03637421
03637501
03637697
03637921
03638017
03638401
03639201
03639504
03639765
03640121
03640481
03640801
03640817
03641089
03641361
03641441
03641601
03641629
03641735
03641969
03642261
03643056
03643521
03643802
03645201
03645421
03646081
03646721
03647681
03648065
03648165
03648281
03648436
03649569
03650001
03650475
03650497
03650888
03650945
03651521
03652001
03652339
03652341
03652361
03652737
03652809
03653068
03653121
03653921
03654081
03654401
03654421
03654889
03655319
03655671
03655893
03655905
03656249
03657025
03657235
03657351
03657601
03657761
03658497
03659325
03659376
03659501
03660091
03661113
03661793
03662017
03662189
03664141
03664385
03664617
03665421
03665793
03667001
03667201
03667301
03667969
03668401
03668417
03668481
03668849
03669376
03669781
03670401
03671416
03672631
03672801
03673221
03673641
03674001
03674753
03674849
03674881
03674977
03675001
03675121
03675601
03675976
03676339
03676881
03677393
03677441
03677701
03677905
03678401
03679841
03679873
03679910
03680397
03680531
03681041
03681553
03681729
03682297
03683001
03683121
03683841
03684353
03684377
03684673
03684789
03685633
03686289
03686863
03687501
03688001
03688481
03688636
03689025
03689905
03690769
03691393
03692001
03692161
03693025
03693825
03694001
03694401
03694678
03695426
03696201
03696385
03696641
03696801
03697761
03698021
03698561
03698819
03699201
03699751
03699841
03699956
03701071
03701175
03701255
03701585
03701601
03701673
03701739
03702101
03702401
03702881
03703161
03703281
03703681
03703873
03703921
03703985
03704137
03704261
03705041
03705205
03705727
03707061
03707905
03708131
03708321
03708651
03709161
03709441
03710373
03711185
03711281
03712129
03712311
03713043
03713451
03714281
03714492
03714561
03715521
03716131
03716201
03716321
03716329
03716401
03717019
03717121
03717141
03717169
03717201
03717569
03717889
03717929
03717969
03718153
03718401
03718771
03718845
03719201
03719429
03719945
03720091
03720225
03720641
03721281
03721321
03722001
03722221
03722465
03722881
03722951
03723116
03723505
03724307
03724865
03725249
03725671
03725775
03725907
03726337
03726401
03726501
03726657
03727441
03728121
03728479
03728501
03728761
03728881
03729281
03729586
03730497
03731201
03731713
03732801
03734179
03734201
03734441
03734951
03734993
03735281
03735569
03735681
03735801
03735841
03737401
03737843
03737899
03737921
03738369
03738721
03739691
03739713
03739951
03740681
03740769
03741201
03741281
03741761
03741765
03741977
03742341
03743172
03743681
03744001
03744545
03745833
03746397
03747313
03747569
03747600
03747683
03749176
03749321
03750089
03750191
03750341
03750433
03750621
03750641
03751251
03751265
03751687
03751853
03752177
03752391
03752461
03752881
03752961
03753721
03754229
03754401
03754409
03754729
03754849
03755105
03755901
03756001
03756801
03757203
03757721
03758041
03759169
03759681
03760001
03760431
03761931
03763201
03763541
03763550
03763633
03765033
03765361
03765761
03766001
03766213
03767297
03767355
03767681
03768001
03768319
03768421
03768833
03768961
03769485
03769581
03770241
03770611
03770753
03771921
03772661
03772686
03773089
03773185
03775001
03775041
03775441
03775941
03775971
03776001
03776113
03776561
03776577
03777961
03777985
03778305
03778708
03779405
03779601
03779729
03780065
03780351
03781876
03782501
03782593
03783845
03784376
03784641
03784961
03786326
03786401
03786563
03787121
03787451
03787661
03788205
03788471
03788926
03789029
03789569
03789886
03790145
03790193
03790381
03790401
03790541
03790801
03790821
03790875
03791021
03792554
03793251
03794305
03794566
03794861
03795041
03795585
03797221
03797785
03798745
03798801
03799548
03800001
03800065
03801173
03801789
03801793
03802111
03803087
03804161
03804201
03804781
03805001
03805185
03805270
03805399
03805409
03805777
03806301
03807297
03807527
03807577
03807909
03809409
03809521
03809961
03810221
03810393
03811041
03811169
03811489
03814145
03814501
03814913
03814954
03815425
03817301
03817373
03818877
03822017
03822231
03823001
03824001
03824129
03824151
03824601
03824801
03825909
03825921
03826717
03826831
03827061
03829049
03829251
03830719
03831025
03831457
03832979
03833001
03833201
03833341
03833537
03834126
03834351
03834801
03834881
03835681
03836001
03836426
03836943
03837249
03837441
03837681
03837905
03837921
03838213
03838249
03838721
03838889
03839617
03840001
03840981
03841081
03841281
03841591
03842017
03842985
03843491
03843571
03844201
03845249
03846529
03846581
03846721
03847133
03848009
03848161
03848641
03848705
03849361
03849528
03851689
03851819
03851969
03853185
03853197
03853836
03853961
03854005
03855813
03855843
03855965
03856001
03856869
03857141
03857409
03857441
03857601
03857637
03857733
03857921
03858001
03858391
03858761
03858881
03858893
03859101
03859345
03859480
03859687
03859973
03860243
03860381
03860501
03861276
03862017
03862033
03862249
03862609
03863107
03864001
03864193
03864441
03865021
03865121
03865601
03865981
03866145
03866593
03866921
03867441
03867861
03868609
03868825
03870041
03870501
03870721
03870825
03870861
03870981
03871601
03872206
03872781
03873901
03873985
03874401
03874917
03875023
03875457
03875701
03875841
03876001
03876865
03877057
03877505
03877633
03878001
03878401
03878577
03878801
03878833
03879297
03879809
03880276
03880761
03881201
03881217
03883351
03883501
03883649
03883763
03883801
03883857
03884011
03884097
03884616
03884641
03884785
03884801
03885217
03885281
03885633
03885841
03886027
03886145
03886233
03886257
03886689
03886826
03888001
03888419
03889321
03889401
03890721
03890969
03891501
03891905
03892001
03892133
03892401
03892481
03892515
03894441
03895271
03895281
03896001
03896065
03896206
03896501
03896601
03896829
03897653
03898001
03898497
03898561
03898821
03899051
03899081
03899265
03900001
03900161
03900271
03900551
03900929
03901057
03901111
03901601
03901851
03903393
03904241
03906219
03906401
03906991
03907177
03907601
03907905
03908561
03908689
03908944
03909377
03910329
03910401
03910709
03910941
03911201
03912041
03912287
03912521
03912577
03912961
03913261
03913921
03913985
03914521
03915001
03915009
03915137
03915181
03915921
03916065
03916601
03917201
03917441
03917617
03918021
03918209
03918353
03918369
03918481
03918961
03919081
03920225
03920301
03921371
03921676
03922543
03923101
03923143
03923148
03923637
03924501
03924655
03924993
03925133
03925586
03925837
03926401
03926701
03926801
03926861
03927101
03927753
03928385
03929261
03930076
03930171
03930245
03930695
03930973
03931037
03931201
03931415
03932929
03934073
03935281
03935433
03936001
03936126
03936261
03936992
03937741
03938001
03938201
03938276
03938321
03938381
03938641
03938801
03939201
03939841
03940057
03940251
03940535
03940581
03940721
03940737
03941121
03941377
03941393
03941557
03942401
03943001
03943121
03943553
03944431
03944705
03944801
03944905
03945072
03945313
03946361
03946753
03946911
03947129
03947501
03948161
03948751
03948801
03948877
03949017
03949249
03950173
03950201
03951201
03951551
03952001
03952325
03953846
03955659
03955789
03956723
03957465
03957741
03958277
03959101
03959937
03959985
03960001
03960513
03961535
03961829
03962045
03962465
03963959
03964301
03964313
03964481
03964801
03965601
03965953
03966121
03966721
03967089
03967101
03967625
03967873
03967951
03968001
03968501
03968641
03969641
03970001
03970876
03971193
03971513
03971626
03972297
03972481
03973031
03973600
03973937
03974001
03974801
03974881
03975001
03975129
03975169
03975597
03975841
03975945
03976001
03976121
03976609
03976871
03977217
03977665
03977729
03978401
03979169
03979411
03979875
03980161
03980231
03980961
03981291
03981809
03982081
03983457
03983841
03984001
03984141
03984201
03984289
03984945
03986401
03987061
03987145
03987651
03987701
03988001
03988317
03988481
03988801
03989393
03989441
03989550
03990101
03990265
03990597
03990676
03990829
03991361
03991441
03991703
03991751
03992093
03992321
03992577
03992881
03993001
03994001
03994037
03994113
03994129
03994778
03994906
03995169
03996301
03996369
03997441
03997761
03998049
03998181
03998401
03998717
03999489
03999543
