10000
03536705
03385001
02705061
00195733
01056007
00373401
02488321
02139137
03360441
01504876
00740449
02636451
00380721
01457377
03951977
02416281
01493773
00300801
02585561
01645361
00025201
02821021
02210191
01915291
03208661
02551041
03196301
01686221
03875281
00822661
02259672
03856551
02004677
02467481
01851245
03177449
03487717
02706751
01099116
01229511
00437157
02542081
03588961
01666853
01024325
03292501
01347501
03786481
00707141
01904081
01453473
01226049
03511273
00413511
02560621
00759001
00411393
03457025
01239901
02221409
00277017
02997341
03262001
03139788
03022241
02321553
02420001
03317409
00230751
02547281
00080893
02882825
01837231
01184071
02829597
03634657
00567121
03960677
02842541
00432717
01938251
03885091
00524201
02806201
03991273
00905217
00667741
03046641
01863469
02184641
01006401
02084001
02782561
01470181
01531331
01531221
02475231
03641376
02730541
03310881
01184529
03175009
03666561
01203457
02167301
02697691
01933881
03054101
01647517
03525001
00009361
02767301
03075601
00276641
01736833
03088777
00936751
02623281
00534441
00720409
01144559
01790641
00243201
01564161
03362001
01790339
00606961
01080625
03954431
03405857
00337809
02159941
03010601
01828629
01591553
01848833
00568181
01844737
01158011
00439721
01264481
00567041
02426817
00727041
00822542
03212626
00836041
01361756
01124481
03308627
01745289
00065518
01547521
01642241
00897507
01449881
03620369
02014769
00803617
02582161
03446221
00265089
03744001
02410137
00220673
00248167
03179265
00660177
03909551
00678013
02950001
02060801
02930866
00114301
02260609
00282801
03891969
00663289
01641793
00633169
03939585
02995201
02346953
02613041
00805009
00389281
00357676
03490119
00898569
00877141
02967905
02742281
00943885
03807861
03734529
00369665
02059971
03652741
03856251
00711073
03556701
01788041
02728993
01538041
02505825
00843579
00391221
00706561
01847265
01357363
03609089
00195001
00790401
00136521
03412001
01071201
03646793
03990001
00600001
03227905
01004661
01295191
02560001
02820433
02345473
01373601
02141601
02546125
00000641
00800001
02087617
01258696
01074125
02280721
00138441
02807937
03633953
02374209
00721911
00572097
03603825
01600781
03139001
01981441
02564609
03630353
03476209
00236465
03458545
02006465
01138459
00718441
03501241
01823201
01695105
03944321
01600001
00876642
03978369
00176897
00207201
03904641
03121881
02621461
03294721
02283401
03763201
03353041
02254069
03937633
00803169
02851329
00202065
00943217
00789121
03861521
03188353
00628001
00783801
01827691
03260939
01180865
01394631
03578601
02605313
01081825
01068226
01927169
03310401
03957526
02958061
01567441
02264797
02293552
00806665
00209317
03295046
01678971
02564801
01761161
01995841
03662031
01908419
03204201
03093841
00354449
01352601
03380561
02630125
03455449
00641797
00229105
00135891
00350641
01911325
02039301
00609121
02211521
00435585
03463699
00216001
03616489
03737001
01496305
00822921
01086518
00587521
02060479
00610369
03588119
01628196
03640321
02388897
03354369
00062145
01268001
02040417
02700801
00597841
00102636
00568321
02968321
00952345
02527461
03624806
03818626
01962361
01250376
01081601
03652449
01973001
00102279
01911201
02937857
00908185
00391421
03767361
03684641
03704713
03964151
01696681
01786746
03650001
02355001
00316651
03910851
03355393
01554001
00450449
00452737
01975851
00469361
01161985
02799905
00861905
00759551
03810931
01050487
02463313
03359841
03612541
02047283
03746001
01903025
01836385
02535385
02774426
03559201
01204349
03085945
01580001
01783751
02068101
00942501
01118165
02919601
03805721
02294211
01359945
00224001
03404089
00642561
01058941
01083801
00545763
02129049
03976021
01300151
01693041
03536481
01509837
02432121
01338553
01803505
01374241
03330721
01081761
02645660
00928283
00438331
01681101
01593161
02769001
03521145
01967745
03374081
00455921
01874561
03599361
01639201
00280001
02098961
00777951
03096253
03435937
00641043
00920431
00929331
01731431
02724428
03632385
00451361
00377265
02813220
03300865
00394609
02917761
03694481
02374625
03156321
03192801
00066533
02733661
02223169
02521633
02110977
00359889
02483241
00923729
01881665
02777021
02488957
01318301
03833097
01614865
00858257
00058871
02175041
01199689
02961761
03820801
01696001
03900481
03801001
02873601
03846001
02868101
01361601
02605126
03937227
00592113
03732041
03643745
02832471
01642433
03950513
02085889
01013233
00288667
01190049
01984229
01968691
01759361
00991961
00154689
01787089
02860161
00922961
00821549
01774361
03381809
02199649
01947131
03196161
00215376
00220801
02569495
03351700
02501201
02293001
00707321
00367745
00796481
00805129
00977761
03940101
02770001
03243521
03034533
00375521
00080641
03980033
02821457
03017431
03503241
01900289
03618755
00857601
02714001
01805889
02637154
01620801
02104321
01655041
02835791
02381047
00271929
00705281
01017857
01780001
01330001
00390509
01052001
03962785
00949101
01910821
03031665
03526489
03759997
02102353
00965089
01094229
03200001
03111865
03124649
01294929
01088363
02605001
02355611
01761209
03034933
02122881
02853751
00836876
01635977
01199041
02561662
00477765
00029209
01856641
02677265
02587905
03099593
00491221
02702801
03962964
03241185
01020032
01833821
01215721
01849601
01846761
02382049
03688711
00996481
03244545
00857501
02179321
02193889
02284501
00360001
01069145
02588151
03330001
03724705
00803801
01487361
03380945
00316709
00045249
01927489
00990673
01303247
03264161
00197501
02847911
00832545
02262021
02638561
00579896
03038303
02672509
01844481
01033981
02374996
00548353
00010129
03652991
01891601
00093997
01888596
02584983
00902781
00718121
02552483
00697857
03147841
02214605
02285921
01064591
03098753
01752581
00889825
03128361
01653295
00625041
03059951
00155351
03404673
00697281
00928401
02328801
03204321
03896161
02591681
00748976
03908929
01743967
01446601
01292097
01083281
03832256
00885521
00488841
02657501
00979201
00436321
01977345
01356161
01775037
00880007
01200081
03328441
03020176
03857569
03598465
00296391
00458753
03726651
00581025
02809857
03824705
03384161
00311713
00242801
03454261
03992941
00179201
00876221
01175857
01331251
03377089
00017027
01701769
01632516
03917849
00995457
00558401
00298451
00572376
01416721
03344811
01321945
01131999
00524301
03801401
02008201
02594041
03916289
00982836
02530657
03879681
03490681
01529601
03047241
01546381
02314773
00200801
03783201
02350801
01033287
00475393
03911041
03387785
03142001
03861961
03230649
00194946
01818717
01098201
03784677
00388769
00744079
03906361
02595001
01053761
02609729
01246308
00242715
00555713
01067897
00132945
02164295
00317851
01286801
03698629
01661178
01836001
03425341
01070209
01348360
01636193
01403601
00598721
00215041
01480545
01855569
00021761
03615857
00565761
01068673
00152187
01326285
01547815
03721601
00305089
00209293
00896705
02389761
01071105
03755411
01723137
00678657
00387841
03802777
03290541
00758401
02516381
02236049
01610393
02132285
01728641
03003161
03522961
02869201
02482733
00236289
00272283
01402201
01815349
02060097
01113741
03267841
03194452
02617601
02247001
00607393
03908421
00221561
03175481
00499201
03221541
03962501
01212481
03682898
03251969
01861105
03785001
02045401
00698977
01536001
03241601
00067357
01513501
01650189
00700151
01999361
03265241
03788609
02153461
00402176
00027901
00125481
01295773
01804001
03458657
02457981
03274241
01873793
00866501
03755145
02123897
01327001
02439501
00533441
00184225
03095121
03136001
00694573
03261881
00545953
01448081
00088669
02578921
02116865
03382401
03135489
02160821
02172407
03485201
03902921
03882561
02758091
01875713
01556233
01643777
03864865
03651501
03110601
01721453
02466569
03164801
00236449
03056049
03711247
01222225
00524266
03298693
02243271
00362001
02067645
03280897
03924716
01909209
03315305
01551649
00403869
03927889
00679041
01708625
01927793
00691201
01266881
00470601
02749185
03321776
03093251
03188476
00429051
01417761
01176751
03504849
03397551
01911553
01657601
00566401
03361251
02932801
02369701
02423766
01019457
02600876
00249281
00405701
01581241
03426386
02470801
03788361
02292481
03764353
01316865
02461601
01013561
03948191
00762705
01471263
03878689
00654529
02336897
01392129
00099841
01626881
02261001
00824001
02000001
01945545
03634203
03183121
03816131
01792801
03718913
02031361
02378289
02994177
00502321
01892851
01152801
03050961
02835965
00489681
00721161
01020691
03905201
00434781
02291841
03758901
03517001
00123451
00613441
02622157
01322921
01942209
03680726
03226201
01269161
03669521
03671667
03448021
03372881
02557265
00684909
01244081
00972161
00801205
01294346
03680336
02842881
01706311
00893166
01529975
02864409
01702241
01805953
01459681
03195801
00847361
00250149
02524521
03847041
00039501
01155801
01766001
00144601
02809923
00365601
01120489
02833501
01813641
02618937
03849781
00461931
02653515
03923009
00922881
00297631
03246757
03343665
03789953
01157201
03355277
02769541
03894049
00150663
02109201
02117713
02777025
02355301
03383967
01741474
02635521
02570091
03179201
01828577
00781845
00016855
01757151
01419041
01596201
03604193
03136721
00327817
02866413
03338241
02011921
03249997
01287425
01148851
03319241
03710401
02601050
02301441
00794785
02365313
02624897
02553801
00377345
02043201
00368751
01414161
02210321
02087691
00242921
00455041
03811521
02928001
02025256
02803443
01623041
03047169
00469041
03949009
00978001
03815281
03469241
00536001
03974577
00979473
00035851
02624641
00325121
00968891
03375761
00967296
03167001
03431985
01550351
01266421
02026811
03960763
00943825
02326601
00635501
02082497
01543441
02096181
01800801
02204481
03164505
02654209
01735805
03555665
01354301
00837301
01510721
03821441
03520001
02935041
02412801
03882545
00237539
02513191
01641201
03182815
00288951
01466393
02554801
00419041
01576665
01829121
01534721
00437661
02533361
03320577
03456237
02772641
03864193
02054401
02277341
00845225
00866265
03934209
02065161
03286537
00563971
01842241
03831381
01597121
03047501
00354561
02265281
01913121
01452801
02552701
01397561
01057485
00357601
01957181
02371289
00988929
03787851
00090209
01862381
02756385
02932081
02149219
03498401
00665601
00005937
02525676
02981305
00339713
01566407
03499689
02505111
02917241
01990401
01646601
03894321
03188065
00597889
03013501
03886751
01946369
01247321
01545184
00048151
02483661
03062001
01421569
01167441
03865025
02885281
02148457
03992305
00000001
01465201
03903021
00679681
01930369
00356781
02193847
03459551
02841561
03545985
01152721
02319711
01069546
02557201
01853217
00938531
02377601
03940045
02610181
03597061
00975201
03763361
01340321
03498881
00202121
02089121
00881801
01695873
03538657
03129001
01261299
01062921
00820001
01284801
03556071
01706721
00896901
01913233
01800681
02581773
03865089
02729814
00334081
01155097
03653809
00652241
00248613
00420481
02323217
02749521
00663801
02743169
01323693
01920161
01130977
03575361
01069281
00715409
02667607
02701383
03837841
00312101
02671081
00717401
00608297
02475841
03645241
03434301
01587457
02248305
01647329
02009749
01113121
01966941
03961501
02866457
02514281
02267649
00067909
01161401
02132933
00705537
00604376
01013531
00560545
03744281
01393491
02222708
01320041
03158551
00933121
00639126
02548273
02217121
02111361
00682612
01229313
00622013
00489041
03982481
03415401
01760481
01068801
02392103
02192321
02320491
01383566
02435079
02440801
02568896
02962321
00304993
00645857
03059001
03550801
02927905
01669441
01856465
02273281
03618331
01340161
02176321
00307701
03396921
03678289
03451201
03036161
03651339
00546037
00599041
02625473
01159295
03032453
02864033
00079201
02443761
01627251
00641025
00078451
00523761
03242201
02415621
03079449
01857281
02646541
01512941
01399809
03550226
00949401
03622201
03360196
00377601
01958121
03203199
01633601
02239993
00876026
03937281
00186811
01187201
00750561
00041473
03142581
00855801
02692001
00515585
02215061
00317601
00643617
02257701
01325701
02672581
03529251
03263473
00148545
02598101
00728485
02991281
02701701
01215521
00418257
02051201
00077301
03045001
01468881
03555617
00424001
00311041
01458001
03557361
00697601
02809121
00080617
02006881
00145373
00827606
03002871
02127041
01984506
00500201
03309953
03906121
03670461
01102256
01959601
00652097
03131801
02230256
03157839
02770501
03895809
02442185
01088993
03129601
00971613
03827297
01253505
01764769
02095488
02002361
00640769
02817121
03557465
02996701
01089225
02790477
02158584
02051351
00558461
01348481
03518369
00672001
00113681
03957137
03989844
01460863
00938081
01361753
00827997
00624321
02217741
00545281
01517441
03157511
01927411
02379993
02756111
02262283
00067519
01231873
01514001
02150817
02252121
00130101
03645953
02743105
00020209
01586001
01490001
01078161
01427573
01100641
00850561
02284801
01084353
00098649
02130431
01910131
02044441
01214961
03007501
02460829
02748225
02490081
00742099
03073557
02961665
03323441
01065281
01530881
01262501
03139841
03021001
00625729
01858561
01677953
00849729
03877889
02984833
01468901
03010211
03641971
02278049
00391536
01305601
02705001
02923967
02703201
03522433
01978625
02736341
03762481
01752321
03050421
00363921
01308063
03628801
03013377
02474103
03071553
00969521
02182433
02666161
00232921
01018651
02814193
01663801
00891701
02882753
01749761
01339581
00773681
03657541
00640160
03463005
02415601
00625769
00474961
02612481
01176801
03645473
00764305
03166901
01486291
03642621
00722679
01598593
00226057
00520173
01111016
03146001
01785601
02950261
02248001
01122001
02747001
03382081
00335568
01979033
00261521
00429101
01793961
03044001
02120961
01988833
03735957
03594601
03983817
01141761
01980025
02641621
01563601
03778561
00630051
01925845
03911256
03316582
02251065
03218369
00364953
03358161
00073067
01071963
02762241
03457929
02435543
03904017
01963761
00027126
01542441
01014237
02111841
03284901
02669233
00828801
03172981
00087409
00102689
03018657
00297201
01440001
01544449
00495601
01783227
00304541
03518481
01773961
02075291
02339701
03495185
03235971
01805569
01517201
03655419
01017591
01182276
00037121
00396801
03382721
01853761
03358201
02338745
02447113
02071681
00484801
03886085
00697597
03266631
03513601
00314401
00250401
01196513
01052233
03500001
03631753
03889013
00797671
03645825
00322321
01090469
03673481
03694001
00750721
01171201
01781601
03769361
03584101
02131153
02859217
01234197
01712449
03517569
03765001
02504461
02103721
01865896
01939657
02759425
00465901
02960697
01732841
02864245
03272281
01109021
00429057
01374797
01839681
03631541
00714913
03565211
01038517
00415161
02650833
02727762
02334369
02735617
03459401
02484833
01077021
00544833
02742801
03626257
00637441
03053347
02859441
03640081
03171329
03646651
02931881
02338997
00696271
00324577
02760381
02376001
00249361
03833601
00632873
01296141
02456401
01569825
03816611
02997001
01048321
01741471
00902661
03734401
01337681
02369937
01532935
03255292
02382601
03238201
02390949
01987769
03837001
00743841
01031841
03395185
03716561
00016715
00977501
02578149
00514837
00011737
03514977
01443201
01595277
02735857
01105165
00359473
00647051
00968711
02289281
03893185
03552876
01504681
03612058
03649365
03600321
01420801
02311057
00063892
03337409
02048354
00757601
02465537
00276993
01523041
02624001
02377501
01769201
00236921
02060961
03486341
03999233
03354305
00473425
02399921
00936585
01632817
02289685
01435067
01284719
03506401
01082801
00162241
00133193
02079201
00967711
02402579
00217094
01312881
02359457
02748801
01990641
03780651
03878169
03464329
03253201
00320001
03640001
02058641
02675281
03534505
00084001
01214801
03529801
03787456
03331681
02785001
01618855
03867745
02076417
00730001
02432750
00705105
03882240
00579481
02845001
03870105
00381413
02943151
00229425
02366123
01763721
00096801
00014401
03982501
01227201
01814401
03927361
01270321
00295731
01528321
01346101
03112641
00631851
03783169
02154273
01909575
00619801
03794174
00750321
02692241
01244011
03388673
02800981
00904931
03208391
00833601
03181401
00084961
03869481
00390401
00507862
01411481
00616751
02664001
03449221
02764601
03461126
02560321
03464601
01782921
00710289
01340325
01134961
03770160
01236305
00691501
03751344
00943381
01264641
00757526
03971741
02510011
03776601
01621501
00128891
01519105
01927937
02010113
00868961
00575861
03804889
03056905
01085953
03841201
00936865
00196819
01492003
01741057
03271833
00752833
01485221
00654881
00388961
01385697
00746871
02959121
00340587
02402709
01654693
01537601
01506226
03878945
02687841
03768481
00055501
00762001
01440641
03592457
02553001
02289569
00337201
02268256
02404225
00683517
02167131
02650689
02463201
00158945
02049133
03756601
02589601
03152569
02699869
03884161
03882013
03885641
02761361
00760801
01602241
00662593
02236161
00222007
01794801
00999809
01184513
01404001
03990593
03339361
02094657
01024001
02655341
00765281
00492801
02685201
00707953
00603121
02312131
01606433
01377617
03691991
03585549
02222721
02541505
03998401
02090721
02790121
03653440
01054241
00441985
01848181
03589106
02156161
01525113
03515777
03526401
00622593
03776129
03722721
02810081
02749601
00097587
03103329
00439921
01621676
00936033
03979457
03692001
00921601
03481001
03729072
01888177
01106177
02331981
02510321
02369281
00584929
01462401
03405393
01829501
03958617
00114001
03080001
02238461
03783945
00016257
00149601
03186377
00389121
01228609
03144823
03646801
02196787
01216001
00796861
03204993
02546913
03665345
00039176
01993671
02892761
00003827
03692621
02371751
02008961
02512641
01281256
00573501
00014971
03826765
00880129
00420263
00037185
01257841
01774161
00567813
03936257
00702521
03889889
03263241
00294913
02745651
00545357
01442433
00091221
03984931
01696465
01203481
02925525
03464086
02287427
02617801
01539529
01952401
00226001
03323001
02257629
00442321
02868211
03937601
02503873
00274561
01849561
03550977
03377533
03885697
01749881
01966601
01937921
01763531
01107223
01199176
01587081
00358721
00478131
01943221
03322703
01962241
01255426
02664029
00276225
03511809
01150001
02800001
01827367
03425937
03840069
03385441
01613289
02872001
00086505
00327621
01952961
02794276
00355001
03547153
03667513
01107201
03133857
02360215
02588337
03038001
00826545
02533113
03122209
03027265
02188801
01616901
03112081
00675731
01638938
01609751
00312801
01312769
03279197
02747201
02090041
01553361
02222281
03304825
00447561
02584161
01944865
03260545
01039617
03922045
01651401
00664385
01869751
03100513
01351681
00944401
01137601
01791905
03257841
03022075
00183161
03669326
02718589
03763681
02479201
03666601
03016001
00878101
02108096
00310374
03673745
03990799
00375401
00753665
01582081
02553649
03796641
01626241
03231873
00668641
00013825
00435001
03714465
03738489
03006353
00584257
01677721
03119051
02934001
01664001
02522417
02590977
03180376
03670458
02685751
00278721
01632401
00158081
02439681
00191921
00868321
02262081
01586721
00212833
03127853
00005401
00391473
01525751
00165921
03872449
03278665
03470961
02181321
03831681
03288331
01517793
01035821
01432199
02542279
03168001
00505601
00802721
03655041
00269615
01196721
03328001
03053473
00177281
00991361
01006033
01350608
00996001
00585757
02722791
02347761
02955781
03179761
02569233
00352801
00947201
03144961
03789441
02351601
01650801
00408001
00129185
02579401
01968129
01574401
00430493
00946689
00571137
02387713
00648001
01815777
01164001
02475057
00887681
03730753
03078433
02616045
01255197
01684361
00563169
01863681
02269751
01716481
00235201
02802321
03441665
03503751
02019285
01269151
03297041
00030141
03712001
00257161
00908401
00402203
00267905
02948073
03026421
00252291
01712001
03142401
03457941
00050221
00402991
03901601
02994491
02168001
03619185
00878901
00560553
02806137
03497601
02352351
02536001
02881413
00907777
00568201
01618337
03919926
02205910
03385601
01383057
01011001
03159187
03408553
00382721
03858361
02354441
02897673
01007797
00123717
02088865
00958081
01859201
03188695
01120921
00406221
03425001
00256001
01128609
02908161
01537353
03577473
01578151
00106051
02794331
02006257
02337425
00353151
03824577
03312001
00499433
02454001
00190301
03662745
01624001
02018401
00162501
01328497
01423949
00119601
02917337
03601201
02113921
02068737
03174433
03037121
03936137
00069201
03081633
00405879
00577166
03929601
02676241
02188521
03811821
00170185
02692489
02057153
02484625
02191865
03936001
02256641
01510303
02913281
02683241
01205401
01831186
02488001
01888641
00608961
02565311
01215473
03354721
02000301
00127601
02966287
03703681
00949553
01649921
01179809
01277651
01847713
02081511
02580897
01171611
02281626
03097841
03587201
01380321
03993041
01157611
03925009
02436001
03017405
01307841
03492657
02021601
01446495
02172417
00307905
03092945
03815101
02502961
03355205
01038081
00729601
02934401
02137001
03608441
02879761
00033021
01839441
02410353
01606401
01748905
01619361
00116993
00649401
02724006
03814213
03714081
02878633
00697361
01494620
03150883
01042609
00611201
01992421
02098053
02655881
01675601
00791073
02243505
00159201
00518153
03510161
01776573
01936001
01409801
01909793
01564170
03312801
02191475
03064822
03407377
00423505
03378791
02871251
01032889
03224993
02598001
02110193
03112801
02574081
02366019
02169729
02182201
01055290
01577721
02663361
02967985
02133089
02836057
03662593
01205845
01092517
03692701
03048327
03030501
01552001
00563605
02726337
03896351
00494389
01907201
02124281
01377134
03907861
00049001
03658885
03431381
00029601
03979521
01294401
00775347
01188529
03030785
03704361
00873465
02022501
00352577
03907389
01660059
01209891
01381031
00100011
03151322
03694319
03734741
00542945
00770193
00168897
02834311
01107121
02180965
01827641
03388161
02460601
03187717
02499141
02354807
03293185
00047727
02943825
00113109
02977121
03502168
02285441
03170461
02904813
02503601
02392001
01798085
03497825
02242401
02304593
00492121
01641281
00274209
03492126
02927757
00297301
02322817
00341001
00333533
01239361
01042529
02825991
02029981
01954021
01056551
02849601
02251101
00192225
00355841
00494573
03646721
00116001
03485601
03555761
03329673
02930561
01955321
03009191
03300801
01566001
00081153
00760557
02228529
02547681
01576961
02702241
01375751
03745537
03621889
00175701
01458929
03568811
00810241
02324913
03334581
03121751
00318401
00744321
03013041
01547486
00450561
02081901
01486401
03990451
01948801
03833545
01636197
03743581
00672321
01857385
00271985
02280426
02950401
03340545
01174273
01488001
01844727
02145281
00190413
02036481
00381881
02877013
00464001
00351361
03469221
03594341
03359881
03178033
02361617
03008561
01913585
01392001
02621621
00911721
02261601
01977576
03743801
01561601
01650241
03891201
03218201
00077801
01622849
01598777
03094669
02313681
00348193
03139393
02439021
01100737
03899265
00979767
02569936
03284931
00887153
03140669
00481715
00898255
03261505
01329401
00165297
01604609
00216507
02495853
02854621
02754927
02545601
02013281
01497425
03534001
03629465
01889985
00341581
00059761
00958214
02835001
00135697
00899521
02347265
00129441
02586001
01409761
02712867
02885201
01949953
01872001
00751241
00865809
01667401
03504049
01788047
00412981
03255501
02961281
03071766
01013246
01149095
01942305
01399957
02614305
01262535
00822701
01061761
01945367
03316561
01849411
00685241
02790785
01123641
00433313
01715529
00857761
01646991
03340529
00332401
01466601
03800183
01017251
00036823
00829861
00818289
00964620
02472689
02505961
00616231
03371553
01195531
03335709
03934333
01708305
03736257
03443441
01242561
03756801
03558721
01570083
03271681
03264401
02054241
02837701
00350741
03975897
03445829
02712065
01298101
03334401
00973121
03668481
03241691
02300265
03255233
01006573
01726425
02903857
01683201
02007073
02028081
01216201
00668869
00398321
03135557
00850705
03463411
01139546
01882151
01437501
02023425
03462401
02479941
03404609
00312185
00680001
01617441
02165665
01090081
02204161
01103289
00128601
02227857
03404801
00022529
03278081
00416321
01469211
02543241
02080001
00185345
02253041
03236201
01419521
00239921
00450641
02585001
00183701
01300781
02189921
01701901
02009281
03796701
03246561
03536897
00891521
03840477
03840509
02553265
02058241
00990551
02018945
02949826
00686235
03831497
02329281
02355969
01572801
02442291
00816129
03969851
00636509
01168497
02892104
02311377
01781921
01926331
00600609
02120837
00886529
00755201
03518465
01999145
00322561
01209587
01764281
01628001
01043801
03333701
02276641
00373761
03217121
00516921
00173751
03824641
00607201
00551681
03761281
03002241
01780936
01843201
00798701
03498585
03733121
02667502
00751499
03746101
02268351
03053201
01510089
01197659
03101426
01132097
00254861
00209750
03472481
02801601
00071686
01642761
00049551
03421201
01939713
02584117
01642781
03130651
02858241
03950593
00138625
00573585
01646593
00449783
01627201
01300501
01240577
02710921
03963449
01912501
01825001
01304215
00051841
01729121
03444897
01246001
00668246
03128321
00758273
01650301
01544573
03513865
01695641
00440259
01657089
00063601
00892801
00068401
00604785
03905081
02288705
02142001
03963657
00000321
00527201
03566134
01997557
02307401
03910505
01174301
01054153
01765761
03602465
01490555
02671961
01497801
00112641
00583073
01146257
03809761
02620001
01781526
01594825
00249125
00014251
03840321
02822685
00629825
00051001
02592905
01895961
02793425
02608801
01518851
00149541
02059481
03700881
01196789
01819559
01497969
01443131
03857321
03373841
02012326
03837253
03092861
03237249
03209425
03676266
00231681
00747713
02895361
02126441
02578572
02916553
01455151
00974181
00298661
00012705
03160499
01540001
01227321
01580251
02508241
00599745
03660361
02257501
00858116
01581931
02503409
03505957
02446161
00644113
00110881
02809601
00742881
01393997
01120001
03740417
02000201
03005951
02266601
02217057
01496001
01112201
00902401
00574201
03677291
00507201
02910977
03546001
03899101
03282561
02338561
01534145
02019937
01997761
03573377
03115669
00820051
01528869
03960833
01250001
02212233
03648001
01422641
01727449
03775329
03896801
00929441
00615937
03994761
01825141
00113217
03729097
02658535
00027169
02519489
01306373
03681281
02257821
01502081
03796001
00000497
02689361
02004376
01319521
00569901
00115501
03251201
03399201
03835641
00164097
00600851
03630401
00224281
03091801
02213661
01187517
01002001
01072405
00451331
03512501
02834849
03213430
01421251
02028261
02796801
00996881
00269491
01758801
01154881
02993991
03321930
03406721
00403073
01404591
00139563
00379201
00112785
02290529
01293889
01444129
01213713
02828161
00412991
03535001
03253601
03253787
00743521
03265426
03888287
03594561
03811901
01687041
00764033
03479541
02226165
01089851
03634453
03850329
00879716
02515265
03313441
03181048
00939081
00521176
03307211
02726451
03336001
01457501
00702681
02338321
02485081
03707461
02069249
00911286
01836721
02060541
03110529
01094127
01467561
02246251
02138681
03108481
02837121
00793825
01391997
03222321
02665736
02520833
01134290
03636721
01027141
01586977
02989449
01273761
03546876
03414241
00092943
02633074
02008113
00580657
01912897
01250877
01202261
00808181
03550103
00259361
02270101
01475841
03861249
02231041
01570561
01594069
03540281
00727063
03697009
01967105
01355261
03983521
02240577
03566851
02654081
02557105
00670877
03412881
01671313
02501751
01572001
01196801
01484401
02269201
03378601
00752501
01588177
01584321
01835571
03397501
02275601
02666445
01486001
03319151
01778817
00556385
00091721
02822617
02364293
01987717
01460801
00921075
01972425
00544423
01537251
02198881
01095441
02275773
01336273
00040225
03627401
00380623
03818321
03470201
00458241
03950705
02468121
03282433
00658721
01056351
01000001
00217969
00076621
02317085
00775441
03924641
01383825
01935651
01829761
02995713
00081741
03472513
03270401
01422129
03420445
03913481
01773501
02646529
03852245
00901249
02351137
00311553
02980865
01545601
02824161
00854081
03132033
01989521
02482897
01883597
01917953
00537929
00601726
02654283
02568789
01986185
03621741
03786241
02589009
02231155
02238593
02869121
00036801
01980273
01577281
03129479
03394417
01388289
00990545
01895681
02395420
01909633
01297273
02681709
00532201
00392393
03387985
01736961
03456169
00139121
01964701
01276801
00947969
00575425
01163793
01546695
03079851
00691049
03909433
01381302
01438833
02483421
02607361
00628608
03086737
03225377
03072001
00776321
01665697
01699306
02700941
01876801
00310081
00379969
03826905
03195261
02022164
00541701
00843265
01640041
01851741
03048801
01481557
02566781
02334209
00690991
03368481
02618433
03248831
01011657
02214401
02320433
01634041
03273601
00431025
03590097
02447493
02414897
00992361
03732801
00875466
02288481
03880497
02121409
00073393
01529527
02503851
03564561
03853249
03699201
01745001
00129353
00988001
01777501
03701249
00959665
01031825
01652553
03685041
01774251
02738651
01014577
00871161
01124999
02887585
00900001
01200409
01553985
00288649
01375441
01485931
02795801
03578161
00941853
01286901
02696921
01955633
02535681
01214535
01977263
00943857
02700621
03499251
03347649
03262081
02026001
02322241
00636041
01503937
00110651
02799126
02264501
02808001
00681913
03083001
00732161
00181313
00472321
03005447
03207421
00704991
01389921
03697481
03708161
03149185
00030001
02730411
00258521
01574381
02540501
00167085
01329731
02493561
00501249
03276169
00707039
01160601
01669748
03296001
03716289
02200257
01172841
02059021
00619985
03275001
01889168
01390881
03004001
02550017
03476061
01671241
01515521
01326721
03666776
02284589
03883961
00555073
00450001
01342167
02061825
03013601
03594261
00576001
01720801
03099861
00400201
01467761
03785985
02629277
02787461
00337041
00203185
02124977
00700521
02123041
02539136
00367915
03701601
02750721
02042933
00418561
02034689
03880639
02116017
02640897
00956801
00643461
02896089
01459165
00857985
02621641
03525156
01308401
03709201
03693563
01516571
03996001
02184801
01494401
02389926
02026601
02644365
02745601
01463041
03457239
03990750
00584001
02731393
03436921
01470721
01238001
02271559
02022641
03343601
03667181
02795521
00318825
00006921
01075201
02624145
01069081
03723751
01162241
02696961
01437301
00263301
00003729
03632101
00053889
03174193
00112449
00997381
01107169
01720065
01908977
00688641
00290498
02242305
02884161
02204443
00291491
01768801
01548433
00378721
01080467
01034979
00184561
01510273
01671137
01006101
00000129
03867251
03358081
02464901
01702151
03585601
03335581
02926433
02706801
00064483
00330181
03369709
03863041
01720926
01082191
00546043
03142975
01684585
00129529
00170196
02384385
00736001
00197441
00642201
02425737
01824801
01345825
01143241
03352321
00544065
00490201
03015855
03178763
02821807
02704641
02082561
03374543
03581061
02459641
03032389
03452381
01789241
00354401
02892001
00755969
00212533
03443961
03603201
00120951
00440507
00359366
00752481
00967853
03183091
02707361
02711431
02167601
01312071
00134145
01061477
02926501
03310241
03304961
00594033
01424141
01425921
00592961
01337921
00812801
00249411
03930581
02642281
00670081
03252001
01759985
02650273
03902881
02821121
03374211
02852621
00691713
01533489
01980201
01062401
01606835
00017028
01816641
03128749
02244401
02758345
02339193
00318953
00053121
03665537
01739009
03965871
02048001
03577471
00665001
03547521
01599061
01680209
03616439
01598081
03523257
01821441
01648001
00325119
00026373
03198881
02177153
00219185
02003913
00313249
03137297
01366253
01664801
02320001
00017921
00258376
03209761
00774793
03951761
02484513
02338113
01422785
00030757
03206001
00149777
02583565
02512401
01186291
01565441
02312539
00592641
01040001
03072881
02141441
00615831
03483411
03620401
02344401
02635905
01239961
03548001
02602811
01491841
01817959
02028161
02777665
03380153
00558201
02142753
02592855
03236861
02374401
01785261
02743473
00134065
00144737
02000993
03165721
02630781
00725185
03794351
03838001
02336302
00169281
01237183
03026817
01522941
02888961
00160001
02266081
03407873
00296756
02955153
00592201
03625441
03533681
03812761
02340001
03766161
03024753
01715337
00690577
01395064
03234505
03636837
00009601
02342333
02043945
00945921
00730481
02240201
02118561
03629701
03461251
00486913
01830401
02854801
00443841
02080723
01540781
01910001
03035689
01076481
02179604
02986849
00646185
01896297
01491821
03887683
01675298
02494089
00105681
02781501
02062241
01802889
02679401
00385265
03942401
01659785
00296897
03127481
01199731
02660801
00983561
00777489
00129561
03075001
01089817
01145501
03451361
01781176
02240257
03505703
01721041
02720001
01178481
02372641
01155585
00796225
00603491
00633633
02815661
02128533
03357845
00296744
03256609
00926641
02661676
03747401
02774401
00000921
03590929
00291861
01216671
01414151
02999105
00035942
03672521
03619121
01168641
01487101
01561505
02070801
02354281
00455043
00292585
03336851
03030721
03200106
00824833
00600961
03950081
01632819
02494721
03426801
03251793
03400493
01754355
01244609
00433161
03033441
01523201
03733569
02458981
01363921
00648891
02224601
02336641
02250961
02331208
02843121
00040545
01316461
03502751
03593285
03536161
00700401
03457155
00792981
00956116
02769601
01089461
02981285
00108161
02566281
01932951
03550641
03060857
02747169
01896931
01858657
02076496
00077905
01657666
00272691
03679265
03181835
02876641
01173361
01186241
02686145
03926841
01306751
03335681
00625921
03428609
02199361
02943665
01404281
02216193
00621849
00572609
03908297
02804049
00067057
01408625
02312609
02832001
00165265
02679301
00794913
03076171
01141249
01674169
01463001
03416501
03915777
01844325
01199049
00780921
01347401
03093121
00683001
01779001
01294301
01176011
03605761
03371801
02269793
00047507
00535551
00924425
00350251
00186289
03381589
02604801
03184561
00653901
02295621
00419651
02257241
00477201
01588001
02178625
01645553
00020561
02151066
02933401
00110897
00484641
02203061
03715201
03002331
02148126
03604865
00099075
02605026
02290945
02801671
00601127
02595201
01171769
01189869
02420735
02378241
03093401
01809089
01799151
03602001
01149201
02347521
00181521
00477165
01683651
00059581
03041972
03863533
02504481
00002321
02731549
01817761
00711233
02656859
03654961
00895996
01534201
02676047
02067201
00681376
00178895
02976481
03240021
02706761
01324801
03456941
01709037
03766075
02215849
00381201
03061046
01059861
02843105
03813921
03363597
03486529
00888826
03531041
01828057
02528001
01176833
03734937
01860641
02584636
01746305
00488001
00736897
00606101
01646401
03581897
03213841
00732209
02600601
00149251
02500001
00407041
03131521
01498457
01603501
00981201
00763103
00726145
02307841
02888801
02058201
01625301
01506347
01967641
02177001
03652905
01011361
00572121
00762501
02462481
03871001
02891417
00744001
02208001
01424129
03260393
00341921
01250717
02584193
02460161
01736449
00799701
01123601
03978661
03611521
02393601
01550401
00088849
03026033
00228441
00335461
03252729
00028929
02529281
00824601
03396641
03498721
01403001
03347361
03682233
01988751
01853291
00284081
00530921
03662193
03069776
01760785
02873289
02274561
01567190
03400641
02639537
00096769
00148737
03812481
00660673
02773601
00681601
00696141
00549241
02565576
01918401
03433935
00891137
00365521
01331361
02729441
00411481
03343761
03868801
01760065
02179395
03972093
01663361
00690529
01760001
02969601
03181371
03657801
03315736
03392276
01800041
03028801
00889345
01149293
03055771
02965761
02106961
03369721
02778881
01922001
02866945
03016909
02921427
01822376
03412217
01491961
00987426
00741973
00401593
02439361
02251871
00002993
01260737
01079937
00931201
02721725
03160721
00240001
00938453
00164481
01339041
03663169
02165101
02371801
01384449
02270649
03540777
00187301
02307381
00243176
02584961
02230001
02330801
03221121
02858841
01270529
02752815
01085313
01318193
01708595
01945953
00179481
00792495
02908121
02828327
01245051
00581377
00159361
01900651
03068609
00974001
02467201
01153097
01544001
02220376
00943551
00192353
02634297
03461697
03556856
02944626
01227421
03479721
03044913
00134291
00274221
02650241
03608449
00066201
01682049
00992001
01917441
01653985
00652865
00506757
01297089
00567201
01886929
01728001
03338481
01696203
03352501
02754305
02838353
00665281
00923201
01921121
02750849
00272506
03317386
03239566
00028865
03765282
00931993
03674929
02663661
00731841
02087626
03096411
01991001
00461435
00718753
01057025
01918145
00157441
03512201
01062149
00331933
01159825
03821569
03967921
02259681
03794701
01632329
00667633
01611041
03819801
00318921
02861281
03519001
02039457
03075106
01480351
02120337
03014081
03900011
01449651
01814271
03401505
02078449
01981185
00496769
01555201
02172763
03611393
00247473
01700931
01227521
03614241
01056961
02792621
00631081
01998353
02693601
01669217
01166141
01154753
00267121
01447383
02926011
01331337
00957269
03353189
00978497
02817046
03473601
01505691
02992001
03851361
02286277
03366361
03755777
02074213
02467773
02054145
03824001
02658001
01696305
01044096
01151745
01745041
03981025
02191457
01200001
00030751
00432961
01608301
03263489
01935201
00171216
01045505
03782273
01751041
01838161
02326907
00171015
00278425
01359545
00924481
01041601
03866401
03011131
00885825
01125388
02244177
02865043
01520151
01039001
03071348
00724081
03376551
02097473
03514457
02498751
03881125
03890411
01359017
03546881
02571251
00972801
01038121
01561729
00492361
00207361
01218251
00412751
01547361
00124801
00334337
00870401
01320329
01375361
00844993
01140545
03968349
01920933
00471826
02835601
01561971
00741225
01380225
01694301
02583257
01607921
00122546
00927061
01345351
02412193
03767245
03187601
02219291
03270001
02307201
03711901
00397441
03510545
02123345
01331281
02100801
00585801
00316233
02618797
03672001
02334801
00040565
01417361
01488853
01384091
02437961
01756001
01922797
02468737
02667201
03593297
02302309
03183041
03144541
03214753
02386801
00904449
02032641
00120801
00896001
00524701
02831361
02647241
00328385
00210634
02537705
03021761
03167996
03043761
00576901
01693569
00440933
02989241
01193217
00175621
01473958
00796081
03999601
01376281
01939443
00630081
02521841
00673901
00152765
01015421
00483633
01138689
02543601
01510401
02066561
03457801
01763841
02430977
00906905
00438289
01793313
02918289
02203241
01663201
00646113
01031681
03386497
03267201
00705753
02823441
03251001
00222901
00140185
00006817
01872633
03169249
02739201
03107965
01172426
02772901
01579971
03865633
02093401
01494436
00175041
00901681
02209927
00607751
00300001
01074637
01314667
02242871
03367201
03265771
02593157
01858893
03315141
03624931
00469377
03084061
01089293
02539393
02822993
01534305
03619841
03752281
02526461
02890934
00409121
00355801
02892801
02148801
00758681
01000313
03232321
01919613
02075901
02170401
00542593
00516785
02228431
01378113
03723201
01766413
00575519
03759233
03609601
02515361
03876881
03000001
01931597
01046501
02230289
00887501
02929681
00646447
01093501
03992203
03507577
02797001
01154305
01995873
01783649
01989126
01127041
01156251
02007926
02107873
01329857
01170501
03775937
02601473
01122625
02261441
03601261
01791121
01025437
00490321
01568129
03153829
00538001
00453241
03808875
03833465
02056573
00242577
01744141
01027251
01872641
03229784
01981217
01117001
03354000
03397889
01636161
03528401
03004985
01778401
00422541
01280481
01399851
03235921
03720257
03430081
03468801
01942101
01966541
03804535
00192209
03847665
01471681
00712301
03166001
03844301
00203601
03669177
01224129
03286073
00765511
01069001
03938411
02411865
00866391
01538529
02134369
00275231
00363791
03780921
01153921
00920126
02797473
03269921
03346433
01269121
02719425
01087751
00633501
03600551
02155640
03961169
00601933
01822785
02202169
02600781
00478954
01190757
02621017
02904177
00338751
03897901
00854801
01224321
02026921
01599393
01638121
01387355
00893521
02999091
01043561
00482785
00848271
03388433
03464711
01530041
00266741
00943451
02365981
03361337
01475573
01325898
02676353
01394991
03914769
02600321
02880001
02733265
00098849
03098337
02555541
03380121
02112716
00733801
01648041
00675551
00804206
02350257
01610241
03098341
00310537
02015809
03841831
03739311
00978177
01475745
01972181
03310831
02732035
02744097
03899201
00948801
00176011
01266001
00947041
00567585
02649609
01106257
03162429
03868841
01166001
00081329
00017601
01313793
01817801
00233025
01225131
00004351
00127937
00182876
02715033
01011617
03759521
02225601
00427601
02815201
00853001
02477251
02653351
03552129
01412151
00962825
02748601
01757153
01969409
02021721
01186225
01320401
02505921
03664107
01383513
02991071
01157349
00948501
02209376
02821151
02828001
03727837
02341521
00298891
01699201
01962441
02222673
02418249
00115070
00170541
02220001
02656961
01251593
00941961
01975101
02979381
03814793
01687897
03400001
00427809
01071546
01767881
03258789
02372833
00336961
02001793
01594241
02474526
03071027
03390161
02532301
02743041
02019960
01896721
03540711
00995575
00221901
01504001
01717441
00882170
01172351
01873001
03490981
00652801
00754201
01206401
03334481
03172865
00270521
00586541
01074845
01653201
02803777
03199233
03451161
00546753
00632621
02057401
03424069
03217153
03019241
01449581
01235841
01687297
00241781
02478655
02123945
00543681
01592001
01568201
00532641
02174657
02075001
02056667
02495635
02153073
02717601
00291501
00488201
00997857
03418201
00410241
01448449
03859001
00124667
03310001
01577729
01288201
01977376
00201601
03402721
01829073
02944581
03701217
00460101
03903001
03709001
02150401
03373185
02114497
03430273
02349441
02479041
02002001
01977393
01129261
03217729
02091971
03275957
00752641
03428201
02406345
02797121
02122572
03682809
00071729
02781441
01052321
01566961
03992187
02261301
01231201
02221777
01418161
01978385
02209281
00959394
03198631
03305601
00533041
00497177
00700001
02293326
03732905
02213453
03279877
03509497
00051626
01926401
00824769
01721601
03321101
02763281
00926081
01885825
02442417
02614301
01149889
01483009
01370833
02775476
02266211
02942141
02024271
00476001
03081857
00657791
01052041
02109521
02411771
01467501
03691789
00491321
01713777
03997026
01121961
01678601
01889457
02858321
01289721
02570501
00944257
00632917
03475276
03209851
01718401
00415089
02894073
01424001
03720001
02741585
02642989
01528437
01161001
02965649
03251417
03314921
02543276
00596319
01202393
01257146
02606037
02987425
02943121
02390577
03510961
01295797
01920761
01527876
03254721
00934465
03578669
02775553
02401729
00718463
01283665
02344781
00403405
03208193
03730737
02670251
03026361
02630161
01645626
03467305
02010689
01650506
00926349
01584001
01137581
02843873
02555247
03167249
03097761
00153601
02807691
03421501
01044076
02960001
01851137
02286041
00254329
01272505
01556331
02523667
00036346
00433201
02271549
02087401
02595841
00201041
02272089
02566721
02771389
02134765
01936721
00352857
03749601
00252201
02885041
03125241
03095551
02174435
03324541
03401921
01101838
02814001
02703135
03284001
02353521
03225241
03005876
00225251
03889772
01273929
00248649
03850801
03197119
02752481
00286801
01798401
03273921
03618001
00574367
03990985
03461569
02344001
03950489
03237905
03132757
03900929
03787251
02045217
00309521
00008481
03377823
02805551
00409946
01596809
03192001
01383681
03940779
01589693
03925234
02845953
03086241
00415953
00999961
02991311
00762505
01002337
00652151
02190721
00662401
03816801
00472001
02916537
02775301
03339411
01564801
01890209
02207617
02406657
01930881
02368501
02644621
02450001
03825449
03623610
00627969
02379631
03998841
00405662
03916641
02265601
03563679
02383913
02578340
01234325
01301321
02416721
00982589
01171501
02682841
01955201
03959377
03071681
03787529
01302629
00983473
03291921
01749337
03632181
01865961
03111681
01890561
02956459
02206075
00850001
02825473
00317401
01980417
00296116
00704751
01953929
02684641
02299866
00107329
02841311
00455521
02311681
03714229
01714248
00847777
00716481
03086721
02760801
03926465
03607041
02424761
03552643
02213761
02010081
02754561
00508833
02431091
03084956
02973431
03496001
00137216
03083021
00864745
03836331
01164094
02057561
02387329
00451201
01677121
02096281
01351876
00301057
01486919
00976737
03539895
01388321
01104901
01405881
02443441
01412001
00720521
01537661
00129681
03972161
02699001
00691921
02728861
00653716
01968851
02874417
00858914
03756833
02570505
02443426
03267326
03440867
01336741
00110769
01484001
00390801
02700645
00866049
01335169
02508961
03387201
01807081
00908229
02252201
00426241
01032961
02449331
02465174
00869001
00036321
02955873
01869569
00161856
03395261
03728121
02171789
03967729
02121176
01502201
03437347
03626497
02123601
03314283
01347021
00958017
01850625
03996801
03485091
03276001
01666237
03981516
00329601
03378201
02322561
01156221
02682585
02682401
03842083
03612951
01241281
01871361
02001801
02923531
03576201
02981201
02286209
00201801
01451729
00533921
02697523
02421836
00746501
01902126
01106376
01936331
01869661
01378593
01401705
02169161
03229741
02241345
01295265
01837841
02479791
03732777
01907585
00710129
02849926
01817601
01758453
03897089
01982489
02840401
03638289
03474751
03074761
01995001
03472401
01177009
02700961
02259213
00567809
02403294
00149472
02671381
00078881
02717745
02811069
01333801
00213496
01125249
01906251
01043901
03991251
02729622
01106769
03790849
03842945
02943096
01249121
00043301
03198399
02351905
03044961
02283105
00892001
03036801
00726477
03611001
03221531
03598027
00932901
03253626
03110771
01612161
03595009
00395829
00365297
02387526
00057244
03486553
03773313
02498561
00011017
00493601
01825513
02542227
00290341
01915001
00431361
03895943
02351001
01189401
03560721
03402921
01577683
03892481
00041151
02703081
02106849
01538761
01068961
01847226
02950561
03080641
01417477
03017937
03349121
02197761
02985511
03585281
01528225
02632441
00408633
00994001
03549281
01547065
02412201
02668801
03218625
02160871
03806305
03498305
00926801
02969201
03711693
01945601
03003801
00982017
01616257
03882501
02981457
00334726
02056523
01609377
01789441
02957237
00821415
01155521
01668401
01091001
01365221
03140833
03955429
00472101
01553097
01067551
03922695
01737969
02960121
02468571
02247145
02823301
00283361
00303932
02382641
02564731
02171681
03116849
01878001
02826601
00781233
02180609
02715361
00527425
00018881
00585985
02837537
00518841
00218273
00870501
02684561
02590001
03923807
01363601
01099873
01020101
03275521
01386296
01897041
02692365
00430401
00431441
01382401
03046713
00929761
01088001
02378449
03516705
02723801
03649593
01096601
02605051
00731281
00889281
02617917
03678401
02710737
00535761
00159501
01329601
01832851
00660801
00410966
00003201
03038721
02057447
00586753
03507201
01611441
02817281
01451601
00898675
03518769
02987401
01944193
00292237
00595163
03540221
00067601
02389511
01402109
02903361
01432913
00592001
01280201
03326993
01210001
02612801
01116001
03994613
01107051
00179944
01884781
01892865
02672161
03544769
03932041
02000251
01267841
01953825
03882241
03885401
03838081
01380545
03942666
03827361
00387201
02871954
02416129
00156471
02543439
02455001
03073793
03134001
00603571
03511937
00341185
01776257
00315249
00598801
03879861
00948677
03029101
00685281
03590365
00661121
03912897
01696833
01481521
00374881
02121126
01172877
02655111
00590461
03867957
03989921
00468735
00855576
00033025
03597093
01307905
02677121
03165585
01493801
00759521
02639393
03695201
00558395
01326081
01877761
01144607
03703987
02930001
01980289
00308097
01910225
03091201
03540553
00753921
03051300
01381181
01961361
00245801
03565441
03442319
03685665
02669825
03291521
02182801
03780491
01054561
00920381
00710861
00429985
01097061
01241701
03582881
01665761
03883681
01861191
03259937
01062059
02183681
01876865
02997921
03219641
00489001
00151457
00207481
02458676
03288001
00879881
03408741
00132865
01081471
00330763
03914501
02289001
01006081
02636701
03324361
03392761
03487101
03949501
02639361
02468305
01612841
00386726
02758601
00375601
03079501
01579985
01469963
01080161
01311201
02049301
03490001
03549201
01703018
01922561
00730826
03033951
00220671
02847489
00094801
00453129
00531876
00074517
02096033
02025281
00547729
02430483
02044801
00233281
02755041
00704001
03546851
03737559
01249281
03252609
03064769
02128126
02478977
00885197
03801921
00374225
03967431
00009473
03927041
02979906
02841201
00135201
01749249
02220236
00858561
02046177
00346001
03514103
01352577
00147585
02171565
03737841
00832521
00189931
01795661
00001655
03494893
00436641
01787621
00226497
03915621
02630534
01597777
00759041
02122589
00846681
01884779
00902201
01438361
02412001
02592986
00795841
02033201
03774669
03446741
02486351
00984769
01530753
01242401
00152321
00365101
03253131
01705377
00948091
01986121
03307497
01594101
00739501
00777393
02753001
01624813
00181333
00660993
02589801
02152321
03731481
01090689
00534121
03153401
01694721
02853761
01608401
00516001
01755091
01116805
03591681
01597691
00756361
00100929
00878241
02331655
00971105
03971201
02736129
02097465
02962001
00598401
00735295
00436921
00682001
00232737
01542371
03661401
00682291
03079041
02647873
02093825
03678841
03627446
01560577
01380751
03260785
01123361
02353601
00932911
01687505
03068721
02727935
01557181
02032001
01899361
03809089
03190209
03207001
01816961
02122401
02150001
00936001
03196741
01260801
01931137
02303553
00300246
03379401
02682121
00286161
02539169
01197501
02473601
00454881
01920558
00924033
03785133
02946206
03377251
00921649
00522201
00269229
02223041
01500753
02535441
03873601
01192529
00274181
01520129
00514461
01128694
02623341
02273953
01846581
00176001
00544641
02610177
01232099
01251841
02342161
02128271
01401601
00849681
02764801
03131665
02129836
02255561
00878401
01649971
02732401
01413001
01336286
03049633
03282401
02019309
01190401
03393001
01166945
03278589
02320911
00357741
01310319
02334481
03069761
01076785
02717581
00527261
01728471
02533425
00695377
03238207
02342301
01613121
03762401
03856385
02689545
03540897
01021235
00496311
01207425
03208325
01750693
00378251
00814940
00167441
00463541
01499745
02312161
00104401
01550337
03784401
01252599
00122821
03152641
02707201
00634145
03431661
01371861
01142533
03121958
03269121
00906501
02508561
00627961
03443901
01736209
00353709
00321601
03861251
00845493
01614701
01423662
02716161
02397841
02938001
01917001
01093361
01367621
00290821
01268011
03245121
00068372
02363251
02908781
02317321
02814429
02941441
01658801
01388111
01212801
00072705
02381689
03921175
02187201
02077997
00790261
01703271
01138601
03798737
00354305
02715773
02683385
02798289
01557201
03452231
02078001
01626801
01063425
00150481
03091521
03161601
02455776
00968161
00822721
02320177
01906269
03445601
01215321
02380301
00721736
01921601
01590401
03559351
00082861
01304946
03681089
02418001
00065441
02846471
01741676
01953665
02862525
00397601
01442621
03772865
03402501
01907441
00484065
03026551
03586561
01159323
02167041
00526401
02913165
02571169
00593921
03198409
01928845
01948161
02745941
01253601
03418551
01290951
02120401
01792081
03904129
03892641
00888713
03947017
03657953
01583953
03364201
03730241
02130689
01860097
02600001
01210921
02681751
02567537
02571649
01359961
02775593
00922001
01207041
01781677
01720977
02945601
03692801
00208417
03483681
01043183
00893929
01519513
02776401
02444065
03685121
03402561
03580307
00719001
03321601
00683201
01443751
03987357
03506729
01256401
01924961
02556321
01888001
01495553
03107351
03917313
00743401
02799501
02442551
02829751
03561249
00775169
03792561
00284161
02187581
01578721
02543225
01021441
01871525
00286401
00296801
00293633
02751993
01230397
00675497
01765001
01856001
00057351
03595801
00203521
00536701
02511241
01562001
03929581
03750017
03810001
01563293
00570511
00906481
01948129
00876641
02431233
02315401
01460081
02497905
03650785
02038001
02458625
03680001
02947969
01278681
02906097
02675261
03799287
01019841
01086859
00571121
00394931
00872913
00276929
02136511
01652561
01665613
01030241
02216621
03202201
03064955
03963137
00188513
01531681
03972865
01854721
02952721
02853197
03491861
00716647
02168145
03407481
02010353
02109241
01698281
03145126
02354121
01727825
03262177
01720501
00131141
02019497
01229569
00791256
03832379
01802331
02748581
03303529
03266053
00738561
00303001
00648201
02642601
03660897
01771201
01451461
01361761
01377861
03909687
03908101
03939361
03319041
00616961
00948141
00473473
00565907
00584561
00239081
03796825
00728001
01859945
02517121
00544449
03943361
02446126
03697701
02632801
02875962
02507451
01219762
01464721
02648961
01144053
03632379
01105345
03332929
02765921
03283219
03782721
00084161
00465025
00837673
02733473
00739457
01000125
01280001
00053101
03696661
03603006
01780353
02892481
03242731
03760641
00313441
03530001
01914641
03302421
03747425
01692904
02296785
03673601
03305756
03223791
01068161
02850601
00709381
01734921
01188585
03316801
00433941
03978173
00485761
00405815
03385009
00509801
02404201
01539271
01716737
00175057
02799201
01190081
01764001
01730941
00024193
00652741
03589631
02526561
00198958
03627201
01073481
00770601
02354017
02556801
00568881
03074801
03922021
03324801
00984865
02284561
01649601
03669121
00760051
02591089
02511001
00031033
00711753
03376001
00502911
01380801
03366181
01882927
03896001
02460826
01110001
02856305
02049793
01682171
01580117
03905401
02938121
02152101
02811913
03418241
03661741
03574041
00559905
00294401
02624381
02318081
01950047
01272345
03924785
00617151
01264521
02615485
01308801
02752251
01497201
03688788
01231857
00781126
03898561
00234201
03187505
01679633
03612321
03021121
01226881
01039011
01109139
02494209
01747521
01767681
03285191
02502929
01984001
00254697
00758561
02222707
03671361
02986422
00124785
01164833
01007201
02831489
01617501
01181601
00893441
00636045
03091609
00725701
02668145
00628481
01392093
01360001
02128225
01619866
00973301
02496121
00652001
01885424
02532289
00147813
01408801
01910457
03149481
03371781
01523721
01126401
00240551
02899329
03995761
02248801
03304801
02781411
01108321
00929001
01503441
01044929
00111361
03070721
03765979
01426801
01347213
00328193
02580801
01421253
03046101
01272927
01135879
03076103
03916921
00656061
00050761
01506401
02805761
00861109
02843971
00908161
03081281
00656265
02816001
03788473
01961751
00048001
02285281
03560259
01055189
01612801
01131393
00776305
03945261
02773661
03751697
02437121
01189911
03124481
00129025
01706581
03044321
01914601
00335265
01138793
03140276
01724161
03132141
02828403
02343681
02409131
00864501
00152801
02914401
03006593
02481231
01606017
01902331
03734913
00232273
01815273
02520419
03960025
02425551
00661633
03973601
00076361
02920321
01476501
03461641
02169661
03428833
03277201
01854449
03485061
00240801
00353321
01739921
01460881
02763642
03603819
02815501
01209601
02972217
03822501
01653761
02923141
00761889
02540001
02276629
03121061
01062096
00928361
01405277
03540082
00588545
02659975
00627707
02232329
00770401
01038337
03957081
03764537
03165953
02530305
02281796
02190481
03299041
03540569
00705681
02887793
02854551
03544716
02160775
01647701
00211201
01256941
00140993
00177831
02682889
01287905
03885121
02654281
02121841
01475257
03481121
00498761
03758385
01356033
00118381
03900841
03362337
03925601
02015489
02680001
02746389
01231105
01837201
03350561
03537345
03035101
00293251
03893841
02251201
01630721
03703017
00120201
01260421
02819841
02596921
01155951
01329361
02283901
03241361
03057781
03194281
03156697
02879361
02711621
01104001
03980801
02315245
03359993
02088129
03802335
01057801
02850901
01541761
00126849
01468205
03846216
02567321
01195777
02790833
01854345
02534881
02816205
01894139
03626841
01046161
01618023
00857798
01871353
02092801
01430661
00378561
03742353
01017745
01196781
01190569
03040001
03503809
01621165
00420391
01238401
02744001
02948673
02157401
03181821
02295901
02030877
03593076
03179477
03783671
03480321
01597397
01556001
01325487
00001281
00112945
02281361
02325001
01897601
02556161
00325633
00182881
00991311
03311601
00030385
02838585
00649105
02817126
00718497
03641953
00390721
00925273
00935266
01924941
03676457
03032001
03872929
00908821
03684737
00258201
01980329
00417001
01625561
02923657
02485313
02262904
03988121
02522001
02751281
01153051
01145641
00233825
01937281
03457518
00289831
03036129
03057153
03227401
00077581
01982001
03784001
03461651
02041601
00258283
02860001
02374371
01647305
03369601
01726901
01558601
03728001
01345281
01556196
00731025
00374789
01161601
01549201
03340801
00648936
00276233
00363001
02370305
01798166
03119121
03839073
01132801
03994129
03974401
03230401
00031651
03293901
03541361
02389601
00622081
03294531
00846141
00810287
02925553
00975965
02575025
02019601
02373253
03942273
03013121
02744761
02411694
01987305
02811836
02535231
01251041
03805249
02803601
03644861
02329091
03948083
02224641
01905849
01411089
00031761
00859749
01656753
01814241
02817601
01548551
00370689
00129921
03164417
02693121
01283479
01439601
03777401
00655361
03198201
00631101
02721201
00262273
01591041
01109097
03534225
03823249
01469311
01688905
00068961
03142665
02139281
01380481
02015361
01071376
03668081
00741521
03619001
00080681
02531201
01694846
02407489
03687041
03504793
01220751
02999536
01072641
01737201
03639841
03643441
03411201
00259009
03980429
01554241
01102696
02391241
00244601
01676141
03553001
02650401
01231047
02848546
01200801
03345471
02253121
03947529
01529617
00949561
02282001
00169657
01191425
03044745
03706181
01577851
02549481
02437509
00391873
00699521
00261537
02108873
00018021
01790721
01012001
03357121
02195857
01492561
00540001
01800961
03739737
02879491
01251369
02376933
01176769
00940383
03317929
00460801
01692521
00800081
01296641
02644491
00557041
00012501
00884055
00485121
03656731
03400261
02602625
03188381
00451601
00812321
00712501
02963621
03406017
02094617
01756301
03919195
01731153
00991221
01818935
01615281
01215617
01974321
03244811
01558681
03983597
01750337
02212303
01854553
03378929
02943297
01827651
01609573
01795341
02788135
01808025
01712241
01019201
03985085
02814031
03041201
02067457
01376474
00640465
00056751
02070233
03522009
01704337
03276577
01471233
02363393
00897801
03009009
01641521
01758241
03647411
01408513
02570001
02006001
02121857
03649345
02140801
02858791
02636521
03474133
01120977
02074561
01709601
01305235
03677741
00296961
01293351
01209921
00659457
01063041
00244541
03306601
01681489
03272721
01726089
00353230
03276777
02488129
01669769
00113137
00896737
01639409
03391041
03367076
00528937
03727345
03197971
00316545
01431937
01828721
03314801
01563455
02386751
01152361
01930401
03861761
02821171
00038817
03346241
01554433
02672001
03350225
00937601
01662731
01616929
02933806
01876327
02112977
03954501
03115393
01036549
01826183
03665153
02405153
01546721
03629553
02468929
02168577
01794677
01749911
03270433
00560897
00192146
01592761
01828189
02924943
02726137
00680321
00429331
03180001
02144161
02514833
00440961
01164323
03973121
00480231
03363777
02955841
03806299
02014501
00421926
01992724
01930835
01902401
01188651
02283073
03864401
00372113
02929981
01498536
03141201
02917641
03447505
03589377
02552321
02820576
00389505
01575291
00968258
00952001
02720273
01335701
01218751
00774277
01423209
02124861
00468961
00779009
03702721
01694104
02210001
03866201
02930881
01735681
00295567
02883841
02453761
02229101
03887531
03762129
02830721
02749509
02523313
01246321
03514861
03232737
01233433
02879021
02754303
01742393
00605343
03636369
03753953
02476041
01825831
00816859
03360801
01406401
02229761
01636801
02418785
01476908
02455041
03292593
01617761
00726017
03476213
00568911
00734917
01692161
00048033
03325021
03690161
00988317
00637297
02477937
02554001
01583361
02715041
01357441
03162381
00310945
03903297
02141317
02301101
01154707
00475201
00431601
02082851
01182481
02707521
02645541
00319601
00671085
02339323
00066027
03941929
02359541
03315931
03860693
03261601
01043601
00573425
01252097
02561521
00812849
00821061
02814881
03575505
03165145
03530937
03094441
01739501
01608977
01939201
01111041
02143969
03714881
01469847
02479013
01419901
03639041
03942741
00298049
01928981
01099521
03824201
00426561
02397649
03976513
02666861
03185001
02363021
03616561
02353901
03926061
01729101
00042641
03712641
02755201
03763297
02502625
00665865
01829201
01161793
02690001
03169721
00128881
01038601
02546236
03379441
02655001
00661382
02763377
02104751
01539181
03778001
03632701
00394050
01119851
00070071
00372217
00945691
03696897
02948361
02904161
01355201
00120961
00618521
03129876
03734084
01763401
00785551
02685545
01353323
02515649
00961265
01470441
00814881
02261281
02602431
03826617
01345217
03622061
00275001
03375001
02404713
02151025
03557017
01352501
03796033
00015801
00494017
01655025
00121601
02213841
01412161
02186001
02786037
02661517
01175101
02521357
03907513
01073990
02648601
02444001
01839866
01184801
01903029
03565505
03914481
00194161
01861011
00620801
00152253
01513401
00808835
02142581
00953091
01144801
02185945
01480601
01261057
02016721
00462929
03059761
03851321
00385498
00389301
01889281
01926645
01381613
02494501
02671722
03831281
03955591
02525001
00084061
01103771
01488209
02723341
03984161
02396161
02580026
01480348
01036801
02261169
03944801
01356961
02633984
01827305
02547601
00532926
00430799
02331436
02944001
00463557
03025889
01222089
00704993
01794969
03152061
01078113
03297841
01862145
02621617
02092376
01082441
03213921
01646221
00845381
01757651
00825153
00727985
01307516
02070913
01073272
03060801
03138585
01288012
01186945
02515341
00737041
02283624
03786117
03494401
03362481
03162661
01818001
02624651
01216641
01439641
01946969
02548401
02615421
01880001
03718417
01252289
01290881
03334233
00463681
02527681
02977916
03550376
01900001
02577201
03879221
02309435
03419521
02665537
00970657
00739201
00151501
02450121
00741377
01601026
03164866
03104521
02550033
01756803
03291265
00724097
02494465
01361614
01302621
00698683
00380001
03599713
03101447
00718461
01324245
03671001
00468851
03969277
01963089
01541169
01957889
01775909
03765626
00558149
01323133
03883421
03518657
02392401
00493441
03794001
01930241
01750167
03651177
00349720
01734817
02923097
00251841
02628662
02659633
02320425
01865441
00128001
00078511
00178537
02465409
02649825
03341441
01027473
01416193
03010977
01458641
03744327
01805812
02498481
00559043
00424937
00903871
01861745
00506381
02615297
01555713
00487791
00783281
03276801
02837581
01001801
03485585
03185281
02448897
02243681
03929717
03160801
01997933
02977441
01990951
00808697
00010406
00420001
02521469
02031289
02194321
00911809
00763833
01948769
00052769
02259153
03915101
01209945
01645185
03892617
01732716
02254126
02268801
00502697
01896711
02249601
02128201
03101779
03176065
03934405
02584281
03940025
03545471
01317121
03820401
02980653
02852201
02688361
02536297
00443201
03556256
01201705
00283721
02076401
01117441
03539041
03314881
03978294
02648801
02121213
01918657
03564601
01931681
02715481
00804561
03439049
02379521
01081661
01127681
00095521
01647201
02084705
00604601
00696311
02211251
00068925
01638221
00369921
01849597
01754941
03484081
00403117
01216897
00866121
01892501
01762421
02173121
03518081
02407413
01981501
01901441
01698027
02087501
02156041
03664897
00260449
01263741
00258581
01079513
00506241
02505261
03868321
02232065
03466433
00479301
02717441
02597473
01984143
02380501
02568253
00790481
01283971
01757921
01976001
00872359
00210177
02225761
00450936
01847077
03292073
02542501
03965001
02350477
01435329
02969749
01382561
01426289
03857777
00978473
02919025
01294581
02049601
02641921
02789201
01974401
00090001
03031657
03437501
01816251
01363681
02874451
03141371
01246281
02110319
00923381
02471489
00919905
00322689
02249041
01740681
00054105
01566405
01875001
02628161
00094721
02392337
02696097
02810801
02199937
02173301
02338521
01693441
02069781
00041833
02729953
02502401
00837025
02659593
01986705
02599001
00101181
03926721
01572361
02925615
01006251
02510561
02700557
02987745
00948121
00340713
02696973
03791457
02250339
01096327
02735361
01494151
01970490
01491576
03419745
01792641
03268751
02124801
01955971
03141697
01393126
02781031
02690529
00136187
03292941
02230401
02975283
02587633
03018241
01428321
03337361
00588741
02779201
02060993
01297641
02661857
00099001
02385473
03930093
01206169
01453569
03783209
01086161
02222113
00053249
02237441
03736741
02518829
00042401
01387451
03546901
02818625
02296321
00865431
01119501
03993921
00429201
00366955
01309505
01903001
01512921
02902321
03532139
03499309
01986417
02759153
03577409
02034185
00888351
01434053
03589793
00826933
00370521
00355393
01036251
03540489
02884451
03456001
02999393
00982081
02555501
00264001
01484801
00704706
00347461
03240139
01429857
02835401
01896961
03848001
01151955
03851201
01643733
00005301
02456129
01137101
00247701
02267537
00024301
03556072
00446561
01280921
01212201
03094777
01019081
02792469
02380497
02727901
00990101
02067309
01096305
01248001
03430661
02849505
01148761
03379201
03615709
01194281
02098425
00114596
00822601
03376501
02694289
00742241
00798001
02228513
03589391
00156961
00746625
03151873
02922561
00993281
01477601
03459473
03197665
00197385
00841501
01053041
02001825
00637253
03258817
01349335
03016897
02460526
02939801
00450497
02946401
00207705
00366849
00806531
00092861
01596903
00969631
02955201
03977633
03253072
03573601
01545001
00687469
03523751
00981369
03929281
03603262
03531608
01525901
01446886
03605273
03286601
00592255
02506993
02039001
03762965
01226721
01606247
00845041
00936209
01244401
01435353
00765176
03904801
00497631
03837777
01132451
01749206
01520385
02856201
01342465
03389701
02158209
00611601
03650961
03179920
03284017
00001505
00413045
01119361
02940929
00573761
02064161
01477221
02505126
00055293
01210371
01701311
00552451
00070401
01422913
03691593
02513241
01107595
03607523
03126445
03162331
00651001
00441209
00193751
00389751
02007171
00549034
00046001
03688165
00197170
02883409
02805017
00130589
03756213
00249741
02708001
03376951
00421921
01902721
01630785
03581905
03214401
03706461
01473951
02164001
01117593
01016859
03140425
01020001
00717201
02482501
01913601
00196941
01217633
00989369
01532401
03403961
02261665
02920557
01189591
01339121
02841153
01576641
00822001
02221453
00578057
00275561
00554721
03291633
00249601
03085126
02909633
01740883
01758673
01643659
00176737
02564401
02177985
01364113
00769185
03917281
03705217
02009137
03770945
00349825
00757919
02926911
03170971
02119889
03532371
00097045
03954689
03155271
03397659
01644880
03988001
01479357
02907649
01176401
03997501
03204093
02763185
00372321
03278021
03368521
02945021
01468313
01770361
01494961
00783873
02897921
00797441
01041576
02142021
03668065
01457401
02504001
02847697
01630121
03173121
02384857
02856161
00295921
02641521
02122145
00232001
03799201
03059011
00601309
00180401
03389429
00196251
01518661
02172171
01675984
01013985
01485601
00996599
00696001
02032601
02487601
03601825
01140165
01697717
02107609
01259681
02937412
02548325
02563578
01627371
03370497
03994113
03943921
00964941
03931601
03002753
01571601
02693411
00338193
03144337
01750001
01705831
03080830
03388689
00978961
01534401
02703457
03744321
00502513
03117722
00907041
03906005
03699841
01009089
01363641
02825881
03428851
01959833
03421553
02338167
01735421
00782286
03289551
02983681
02585601
01542197
00864393
02676001
02939451
00711155
01727301
01695701
03526081
03765023
02554473
01248251
01112561
00984929
01568065
01546257
00231713
00896401
03172849
01476433
03659137
02994401
03827961
03463505
03334951
02443076
01075837
02110771
03318481
03540353
02408297
01898401
02329911
00002551
03236941
00242931
00143361
01584225
01828337
00930901
01766615
03424201
03768441
00976145
03103281
01633777
02998251
02955667
03899701
02324129
01782001
01964289
00790081
01180735
02468993
02380149
03996161
01438561
03382241
03671401
00967271
03322501
03515621
00027571
01202241
00245641
02518301
02564841
02505501
03218433
02732481
00136591
03469181
00041669
01048217
03934401
00237373
03806809
00275581
01663835
01472321
03983873
02038276
01079001
00253345
02151049
02311921
00497167
02608457
01482933
00274041
03865601
00457217
03416805
02341633
00943201
01810376
01183288
03485081
03632665
00677665
01136673
02241821
02940121
01221766
00382577
00285761
01926717
01884548
03507041
03558401
02586099
03121871
01484595
00290001
03048521
00549101
00083681
02372601
03834305
01398561
02614121
00788353
03446457
01367331
03259967
00218905
03408833
03076011
03692791
03135665
00439681
03730561
01677553
02947569
01790001
00569621
00698721
01480001
03761181
03905697
00619857
00741761
00734975
02930813
02841751
02146001
00065501
02622173
00322681
03838961
01124091
02681443
02288401
02997401
00323265
01978769
00206145
00071021
01647361
03093601
02675873
02858237
02272001
00047265
02896641
02243793
01893121
00143881
00382321
03202601
00046988
02563481
00233089
01751009
02990081
03930641
03883751
00064001
00034481
02980657
00790001
03245521
02171713
00545386
02925329
00318321
01071881
02746673
00855081
01548801
00260609
01091073
03528257
00152245
03714001
03201409
02301321
03950049
01597505
00963763
00849761
00047849
03717753
01012313
01527211
02844033
00030091
00104193
03847221
02425601
00845081
02151801
00715841
01019026
00720001
02123185
03796373
00662721
01827801
03743361
01902081
00551295
00758081
03250001
02016993
02970809
03598209
03460801
01519665
03185601
00057601
01185311
03809721
03803001
00512101
01288081
02117633
03165581
03363361
03294301
03559217
00923001
03420601
02078337
00174025
03048473
01547601
02410425
00600841
01057529
01483921
01319681
01921301
00486891
01033721
01448001
02707761
01491871
03701709
00365476
00300545
02842876
00720151
03211621
01330429
02342401
01118561
00817041
02700161
02685601
02520436
00213657
02306001
02511011
03559721
02807041
03396001
02530321
03092161
03955201
01601226
02806330
02210817
03425409
03526033
00053451
00191725
00339617
01213483
02407625
00124161
00497821
01720241
01661161
02434793
01314049
00373001
00435832
00409281
00120281
02427905
00240321
02480001
02069889
02401841
03453441
00780801
02919589
02599073
03651825
00410702
02301681
01810601
02001665
01583881
01148585
03004251
02248429
00284481
00952257
00518913
01345537
02069121
01679041
02504501
00606721
00811001
03599489
02086913
02851201
01211281
00292369
02274529
00416981
02282369
00897901
00889436
01193401
00264361
02846513
01309941
01492601
01159817
02309108
03411666
03836841
00830216
01685301
00970241
02796225
00059841
03919471
00562366
03895351
03508225
03555585
01742561
00967433
03676651
00239536
01335153
02540566
01715261
01756326
02391501
02357481
03904361
00913169
00988421
00498825
00400001
00849593
00009521
01619401
02294873
03798537
00809601
00779720
01637401
01811201
00682561
01180801
02215497
03507273
00985053
00476749
03790385
02029377
01183519
03657124
03253801
00629989
01039265
03174625
03566401
01264081
00591201
01877737
03759605
00925701
02825541
02326661
03575841
02590681
01635401
03272361
03908751
02153849
03722091
03426876
00571001
01431953
02808193
01537241
01191001
01304193
00542381
00043426
01833761
03884169
03600001
00060801
00249921
01963431
03364257
03343745
02409601
00887041
00190321
03143351
01726051
03010671
02584041
00261377
00727201
01313761
01350001
00302601
02816801
03414921
02238601
02598861
00796441
03632501
00452379
00620601
01254401
03441096
03905137
02104885
01374649
03592281
01502501
03934825
02418331
02583041
00599681
03186577
02264321
00291323
01306961
02597888
01452401
00918977
00332151
03423381
00490976
02603521
01009101
01786417
01054401
02744065
00426991
01559361
00496001
01919983
03842625
03851825
03968791
02842401
00334251
03188197
01392801
00804929
01845761
02017601
00481301
02657921
03180941
03866301
01932501
00150241
03569451
01121361
00803553
03316663
02900681
03218561
00185941
03287985
01639265
00062401
00739709
01008185
00696833
00923721
03349271
03330393
00361393
03464801
03214113
02469121
02381910
02805941
00013601
03103053
02809261
02329601
02068451
02084551
00872513
02575617
02040577
01732461
01839485
03221781
03345921
02512501
00370861
01386401
01874689
02381691
02050193
01637365
03011921
00086401
03369759
00988161
01122966
00444606
00237601
01772417
01643629
02253153
01179601
01754161
01601577
03699793
03100001
01549001
02868001
03262897
03896881
03963001
00510521
00788801
00834233
01600865
02436161
03458461
00094217
02689001
00333501
00246371
02130651
02435626
03629781
00493063
03110201
00638001
00375481
00318385
03379521
00855471
01175141
03694701
03583501
01945697
02649801
00308561
03348711
00283001
01547201
02788481
01916169
01932801
00200961
00428801
03597669
02603881
01735617
03329457
01518751
00149121
00385721
02249289
00005875
03014721
00451569
00899441
00854401
03054849
00176281
00361297
00298841
03850556
01091746
03590497
02439601
03259793
00914385
00744705
03972743
03486721
03067217
03098961
01767521
01675001
01168701
01012289
00163841
02401057
02123251
02682521
02035521
00218497
01790281
03375873
03499413
03014761
03582081
03640161
02549601
03683211
02504733
02297301
03424283
03851409
01460865
03876241
00469441
01995629
03020401
00029233
02769081
00572513
03408961
02483001
02984525
02741801
00095161
02493761
03545241
02523041
02077241
00020305
00750961
02029751
02624463
01528273
00554501
03774063
00762817
01266871
01252797
00323801
01012447
03282285
00681501
01369656
03162441
03777281
01044961
01298861
01643841
00915941
02624233
00326689
02373601
02196139
01027701
01525505
01397761
03526913
01420001
00772213
02411041
03078726
03690591
00416641
01544476
03610676
03532161
00217901
00659257
03839282
01875649
01047361
02036201
01977937
02148097
01824001
01909001
00107201
03697969
01620252
03147201
01803361
03774209
02208133
01899041
00262237
02698577
00805377
02712641
01795685
02216921
03497612
02370801
01664321
02891685
03995041
01945741
01473921
03104351
01080611
03665405
00715781
01788529
03085981
00860331
03330033
01886401
00583201
00952847
01314085
03792401
02332931
01639446
03923837
00819713
02104801
02049265
03876411
02865089
01138081
02392549
00142861
02283001
03829119
00622009
02600385
01466361
00054161
01104941
00016721
01269096
00389909
00286813
03095201
00281345
03124129
03987474
02510283
03073249
01029825
01673441
02317581
01859689
03330561
00784401
00724401
02745125
01427375
00687441
01049551
02818231
02874241
03918739
01113401
03240785
03804161
00235641
00013001
01878641
03873921
02157686
02307901
03182081
00941761
02949761
02205201
02007241
01393701
00427300
02693747
02458721
01754561
03126401
01405601
01243001
03726913
02928865
01431529
03372027
01303137
03872001
01616097
01982701
03973057
01202141
03629057
03514277
00479681
03366216
02819969
03720443
01491701
01079161
01558331
02854401
01709441
02316001
03379561
02470821
02562369
02511801
01422561
02472541
02287841
02017151
03618209
01100451
00072961
00676151
02461337
00665233
03305089
01882701
00177551
03609975
01567681
00444001
00837361
02281857
01037221
02695261
00652161
01349639
03981229
00906001
03165651
00959656
00419713
00332241
02826801
02263041
03892401
02176305
03801671
00708893
01637673
01177209
03733613
03566857
02606406
02416141
01295631
01602837
03919051
03489385
02099889
01883373
01136641
00966017
00543281
03571393
01305421
01136705
02155137
03861601
01389535
02993249
03544097
00712337
01957251
02764545
01306076
00978301
00198221
02772389
03817601
03373809
02117121
02910401
01820801
01555121
01758081
00996865
03732833
03204257
02081001
00842371
02771721
02400001
01569251
01315393
00613341
03281077
01011329
02647226
03804129
00451611
00651745
00669665
03718705
03342001
00792001
02977641
01064945
00727113
03797997
00164641
03877161
03648471
03805505
03966977
03393921
00410993
00732851
03607841
03098013
00654155
01434241
03269651
01254657
02381941
01737501
01522951
00080123
02293249
01494081
01334101
02765825
03195521
00317501
03434753
01277663
00404641
02032621
01092101
03588741
01334001
01286341
00781761
03131121
03192555
01368177
00173800
01324601
00107033
00584401
00562321
00511929
02845697
00309761
01710593
02106817
02485993
00148225
00521921
02839489
00851457
02618913
03634945
00260369
02412721
00253661
03249609
00201473
01429039
03491905
02579251
00799905
03583873
02698551
03081601
02660321
03442401
01099681
00554583
02555861
02092545
00293241
01474721
01460961
03866921
01543769
02013361
01794305
00571481
02618401
01296125
00720185
01445151
01543169
02061281
03293441
03360377
03918686
00478149
02108801
03634401
00499231
01751591
01199601
03844761
03408345
01398251
02980417
03624962
03650321
02906527
02082232
03115441
03830437
00404817
01810433
00839081
02318481
00311793
02650961
03725781
02908641
00868201
02040001
00375537
00533561
00679999
02303601
01967841
01359561
02398465
00481133
01512841
03729177
01876955
01102361
00898751
00868045
02412817
00723293
03607201
01246921
01518441
01553971
03966265
03497217
03779651
01344353
01923201
01912877
00147721
02906985
00979751
03493941
00529793
00625793
00254521
00153277
00756161
02819816
00350301
01483841
01191137
02172745
02311401
01353281
02766689
03022849
00828001
03033601
03918497
00343321
02374825
02071505
02255127
00952801
03054081
00996801
01716961
02729801
00823365
03462695
00740111
02889345
02959361
02444353
01975033
00435751
02355191
03846921
03744201
02716321
03420141
03524873
03003393
03621121
03789580
01361981
03188780
03162267
01135045
03553321
01190617
02035201
02219681
01582785
02732449
00155671
03648331
02386251
03872031
01825729
01443486
00092129
02026036
01055423
00379649
01038241
01426625
02734853
00965341
00104891
01599021
02464571
02842817
02891353
03597729
03467457
02382977
03841921
01651025
02217201
01531057
00120307
01420993
01753071
02794945
02613481
01910878
01681251
00399351
01241849
02800451
02422641
03016385
00592361
00768952
02365327
02033893
01957761
00449281
02681601
00303414
01891393
02515001
00125121
00096721
00883209
00532481
02721401
03196737
00174161
03732751
01364161
02820386
02397754
01527601
00326701
01557761
00904329
03376879
01408001
01713927
01662337
00909057
00080001
02186801
03438287
01910435
00340701
02230141
02823226
02009675
03606189
01977776
02280909
00361951
00993793
02301185
02460251
01765441
03624077
00476801
00718881
00773067
02361121
03898101
03610090
03439993
00996901
00960641
03755201
02814465
03538041
00937551
03158651
00606921
01377101
02709486
03048001
03512001
03206401
03823361
02135921
02323361
02638081
00324369
01342829
02749665
00238854
00851841
03470081
00184321
01109121
00665145
02842981
01936101
02444351
01809999
00419001
03322429
01963181
03169521
02221101
00359541
02637501
02232001
02483977
00695951
00625744
02713181
03441201
02717961
01913781
02983021
01113701
02949377
03745121
02476651
00765337
01032001
01533269
02413601
01161761
02604417
00553915
01097569
02306751
02873761
02697921
00097793
01321601
01586561
03022617
02077281
03214525
01597201
03422849
03055145
03845351
00093471
00176545
01144769
01029313
01522326
01447201
03513485
00926001
02767501
03956769
02853141
03524501
03968545
03430289
00095857
01053012
02093049
01224399
00244111
01890641
00471137
00518881
02714113
02106801
03103061
01298881
02191361
00659205
02283381
02749656
00278481
02102913
03403457
02507777
03646977
00617601
01474481
02343133
01325825
00336641
03926791
03965761
03541989
02557841
00905251
02401261
00106401
01470329
02341401
01598209
01110351
01217145
00861401
02101409
02819701
02387457
00101745
01190553
02042002
01703321
01075081
02599736
03177025
02734681
02102101
02270049
00714881
00634113
01657201
00562021
00486088
01051433
02652501
01127155
03366936
03784041
01048001
02623495
03410093
03292751
01843997
00582171
01123393
01002041
03264001
02375031
02509585
02046049
02710075
02471521
03777777
03533101
01704945
03686993
00719971
00018161
01364341
00859769
02529441
03680141
01935369
03665571
00082337
00796687
02376517
00115081
02720581
02513865
01481509
03390081
03596881
01004801
03191121
01631349
03333421
02368041
02142671
02543809
03900001
01567876
02106401
00877633
00033281
03100705
01436687
02713521
02873281
01007765
00349997
00721729
02186849
03106561
03302435
03110618
02722049
02522147
00828301
01947201
03907745
00853633
02552284
00297911
01209969
00927041
01383001
00017501
02247361
01543283
01284849
02733453
03904185
03083954
02557009
01128801
02270209
00856701
02647721
00809101
02702593
01175361
01685881
00840393
00900632
02504721
03721269
01113089
02323211
01381985
02737557
00132121
00631121
03838109
03064866
03259380
01942121
00707281
00374661
00514081
00774781
02028001
01375681
01553221
01922401
01923761
03106591
02924609
02923381
03539481
00601345
02960676
00514305
00181277
03419321
00948849
03742141
01233201
03354401
03963331
03724801
01130791
00368001
03905921
03726849
00548886
00593101
02213001
02132001
00453477
03952081
03330769
03209417
00890261
00391776
01577723
03922641
03681713
00562431
00164001
00279441
03849801
03327617
00308079
00972401
01678401
00176917
02041561
01287721
00840101
00013121
01876481
02202451
02019069
00542961
01834417
03971607
00172401
03644681
03287124
01469569
00167041
02779641
03946177
00287721
00846521
03843001
03809001
03436545
03752321
00286269
02110441
01040961
03679951
03834409
01659393
01151013
00037201
03856481
03665258
01236801
01968001
00917501
00018481
03783361
01732501
01084161
02659169
03179801
00281089
00347551
00414601
03067201
03182144
01686461
00503113
00708161
03440769
03517106
03251701
00719026
02532281
00677501
01497291
02973089
03068641
01274229
01887581
00957001
01745361
03624801
03620081
02018181
00118017
01248371
00151001
01583233
00535681
03585726
02915041
02215906
01296001
01184033
00432569
02251821
00376401
01235461
03667201
01127585
01007649
01763451
00074369
03966401
02716737
00538971
02402497
03251409
02215105
01847001
01369796
00568813
03084118
01218241
03421281
03795737
01379841
01684581
01533521
02453751
00298641
02941370
00544001
02484001
02046977
03902821
01675201
01772301
03195601
02216065
03843651
03557527
03906713
00166101
00296321
01959557
00920065
02440925
00352001
03525217
03608101
02764745
02586417
02213535
02794681
02682358
03121601
02949225
00576725
00728609
03783612
02376769
01694176
03050241
01599721
01116801
01627952
03149201
02705601
01612961
03788801
00448561
03995251
00345101
01677441
00999521
01752001
01182449
00648193
02744377
02212289
01546201
02776737
03924451
03712801
00562501
00842641
02119361
01978881
01245441
01161901
03525377
00613931
01695961
02170385
00484673
00335935
01201321
02405121
00980993
00095691
00847929
00353601
03834551
02921281
03010225
02418601
00873601
02017511
03193921
00903201
01848281
02660507
02163373
00124241
00466977
00649318
03834369
00350765
01532161
03616001
02225551
01192132
02390633
02574601
01224441
03110000
01846145
00491009
01816065
03259625
01986033
00403201
03320891
01405213
00369401
02758913
00733337
02040881
02375393
01977041
00214801
00358465
02486001
00681001
02656513
02820193
03500241
01730201
01552641
03569921
03968741
00899713
01095639
02120345
02708881
03442696
03082881
02384949
01402241
00100036
03145245
00347001
01196001
03263065
01141861
02407451
01985001
02415241
03792951
00432229
03440641
02694401
00793501
01938241
00435841
01806401
00923286
00442881
03578751
02287265
02637601
02428353
02102315
01992257
03426721
01965473
03460177
01627151
01252817
01236769
03400829
01712641
02125591
03060961
02219241
01022401
00494849
01079041
03681153
01178001
03665551
03999151
01179201
02902021
00873286
03097865
01424673
03753121
00174173
01799121
00145945
01083145
02318033
02390626
02243201
03091613
03834241
00771366
02204001
03275171
00820119
01709957
03520769
03969001
03022476
02436451
02181889
03346201
02529953
01376001
02973399
02675737
03503501
03587033
02547121
03825325
03834881
01640835
01076801
01048235
02576671
03270145
00453361
03213825
03823937
03535705
03853601
00186241
01973953
02176039
01419201
00429649
00651371
03737265
01302921
03629549
03944601
02949513
01732001
02846937
01486529
02948401
03959282
03854801
02882251
01177321
03360337
02613377
00599905
03920657
02614737
02966305
03337516
00883481
02734593
02488041
00942401
00573921
02890081
01167873
02645761
01140161
00928249
00212865
01313701
01228545
03652101
00035073
03041721
00708840
01646345
00567588
03316889
03643507
02656001
02956801
01461499
00397681
01758937
01571041
01040851
01987501
01360025
02746305
01832901
02313698
03021571
01341541
03349313
00768961
02238361
02854101
00406476
00499051
01669921
00048211
02052241
00869309
03870001
01511297
00976801
03246553
03296501
03928963
01295009
00273201
03584529
00955161
03587137
03271821
01555113
03895038
01713793
00480001
00753401
01928977
00154957
02923781
02566531
00477974
01117133
03890097
01413791
00080801
02604351
01068011
01564701
00753171
01812993
02262281
02644961
00862381
01770417
01872657
03371555
01529267
01369411
03785441
03495881
01482399
02177281
02983897
02381769
03371051
00136721
01778426
01103253
01684661
03795101
03600401
01899393
02338097
03400701
02460001
03727704
03807521
01141501
01190801
03989377
02004187
00484441
02365343
02742809
03055425
01979353
02106049
00468609
00575131
02155705
01163961
03425081
00738661
02704491
02750977
00689697
02220105
01971561
02352501
03198261
02390171
01253517
02519687
00193801
00489831
02561081
02562711
02632363
01797710
02789153
00353741
02184001
00779937
02821323
03701921
02714945
02457569
01653399
02801349
00933089
02779516
02571761
00260481
03977456
03330911
00658065
03521725
02671621
03178785
01632721
02509801
00780341
02950449
01716489
00806441
00561265
00492441
02631831
00339655
03678477
02115601
02005249
01041929
03435991
02255905
03294481
00349361
02668365
00657857
03757241
03249649
02863101
01265501
02663547
01076215
03796769
01848521
02154065
01273925
03498777
03545841
03400429
01501041
02819041
00161793
02724541
00810809
02148381
03702801
01434085
02564473
01752801
01444321
02034657
00284901
02310001
03141395
03894497
02186361
00438913
03214451
03726225
02600161
00844465
00945601
02776001
01215201
00704541
00977681
02916321
03060977
02150833
03546537
01094769
03802281
03087396
02260905
03200185
00960545
01797401
03933717
03948401
03253121
02598911
02638593
00668690
01216961
00597321
02948313
00193237
01585001
00304043
01268857
02901617
03976793
03384331
00969171
03556737
00168193
03347251
01446401
01948361
00007261
00007569
02765961
00896081
02473473
03571241
01404801
00945433
03169441
00113121
03293057
03262017
01348141
00766497
03929421
03846061
03960201
03148351
03872961
03483092
00118169
00035621
03539101
01180486
01267393
02500185
00490621
03570689
02129001
01412225
00274401
01257140
00106881
02939461
02310401
03346481
02090681
00408353
03437565
03723521
00728785
00580051
03960481
00441567
01254403
01815731
02080801
03278761
03799381
02110337
00740001
00563753
02570465
02261071
01305617
03306751
00082113
03747801
03413561
03597869
00255553
03139489
03412848
02500047
00671881
02219281
03448001
01498921
02794817
02787777
02392321
02684813
00328641
02070991
02418593
03951361
00223135
00380761
01309601
03085161
01797871
03650921
01987201
00994813
00432449
02337901
03887626
03404633
03991761
00266649
01357057
02397121
00676361
03449036
02525461
02406425
02228721
01566841
00731217
01789313
01615971
02284401
03434769
01731929
03389592
00535481
00676297
03562001
03150985
02069529
01391209
00853227
02970241
01165767
01246141
01562783
01023613
00869601
02944181
01991966
01215501
02750401
00723489
01843937
00955441
00268221
03403101
00709169
00575753
02240001
02096641
00152833
02169401
03087577
01789261
03669623
02974083
01407745
02623601
00895873
02419491
03828001
02174441
03726769
00064637
02278373
03787155
03219201
00121521
03366873
03470761
01078933
00991001
01674001
00072901
01894401
03520287
03868751
03876865
03753421
00917665
03226701
03384961
03512513
02328177
00879201
02150046
02672113
00476161
02837633
00472161
03308801
02043501
01237057
02188701
03008268
00348401
01357149
00498779
00119921
03891831
03212401
03386601
02956481
02769633
01331017
03765305
02207792
03123841
00144001
02010801
02909262
03521601
02709121
00850726
03065933
03639457
03385121
03840513
02171823
02507137
03980173
01062459
02722117
00026981
01194993
01260481
03397611
03301001
03281685
01255341
03026337
03737377
02044381
01007981
01617557
01087361
03359501
02529921
01080401
00194817
00976641
02617441
02841981
02577793
00410949
00988529
00624401
00911941
00032441
03873273
02314001
01004161
01447489
01002369
03162353
00273241
01364801
00692629
02699426
00104025
01985149
00821505
01374329
01902593
02097666
02743553
01111109
01385278
02017191
01633163
02569897
03719521
00446127
02967001
03998977
02166785
01235901
03560277
03166465
02267265
03577601
00397431
02703252
01422241
00183041
01451369
00110281
03268945
03731025
01160293
02453301
01390081
00171585
03505001
00921089
00211881
00430209
02391665
01471537
03976965
02715901
01512097
00908281
03314201
00483746
03724281
01739841
01643139
03483321
00750401
03731681
00491193
01592561
03960001
01800769
03096456
03771281
03188001
02067821
03104641
02692220
00527581
00489201
02419201
03186705
01645433
01521921
01065277
00995361
01477865
02362998
00530001
00541541
00185857
03502611
01914369
03849001
00353637
01276131
00968961
00587009
00016631
03493041
01587061
03804081
03463001
01532801
03695601
01991681
02040593
01993851
01791841
03934465
01724163
02225953
00197633
01395521
03005671
03386591
00280241
01750691
00737913
03237303
03469274
03523361
03480081
03101697
01538577
01628129
02802985
00942001
00327801
02436801
03148721
03730576
02852361
01193473
00895021
03764881
00450353
03172961
01961921
00605201
01598763
02113151
00877410
02148305
01212951
02051361
02050831
01733541
01470425
02635777
03806716
02832800
00512021
00285659
02407981
01151541
01224181
01408251
01948501
00747901
02998849
00894011
00165581
03699796
01239809
01518897
01856665
01833081
03214199
03698845
02020763
00738049
02230161
02454801
03622145
03468161
02283721
01768673
03196461
00098533
02361601
00887809
00538545
02302041
03679001
01264961
03804913
01551105
00507101
03705321
00846135
01470701
00799641
03208321
02931809
02439041
02698861
00362241
01232001
03477537
02276001
00260521
01500553
03600686
01899513
03165201
02791001
02691873
03118401
00899201
01027681
01048837
