100
02732991
00734465
03525761
03096961
03730301
03042273
02375601
02324081
00050689
03323837
01533281
01864820
03020039
00543201
01918721
01717101
02871281
03180625
02337601
02428001
00343481
01440601
01425151
03232157
01641729
03393501
00399861
01184601
00744981
01976661
03237161
00156310
02852811
02994033
01566835
03367563
00202201
02383841
01462757
01740705
02268161
00606251
02823681
02341465
02131601
01254412
00261401
03246262
02852626
03318721
02782641
01796117
03527121
00921601
00143593
00625161
02011137
01136625
02917505
01453273
02334081
00511801
00682337
02353211
03416851
02114749
00947745
01792061
00189001
03660025
02362561
03891953
00506343
03895041
02371081
01800001
01545009
03843041
03040321
00403121
01992716
02472801
00402321
00836777
00054401
01292421
01601601
03450317
02523791
03547393
03364566
03612801
02273931
03879617
00671262
01146817
03587854
02838265
00286501
02162761
