1000
02220801
02156081
01193697
01265496
03657801
01206161
02180137
00029601
03017473
01461673
03653441
02307651
00578401
03868601
02595361
02210081
00229311
00992673
03329129
01426651
03839445
01849501
02431724
01050431
03221745
00104705
01577153
01384161
01052065
01440531
00148697
02096921
02677197
01074641
03657036
03130577
00471601
03593661
02457281
00266409
03322241
03970841
01926421
01648709
00534241
03162231
00337281
00621381
00910671
01300001
01825961
02879649
00548122
03891301
01498881
00508289
03667681
02283041
02162881
03318081
00097281
01118241
03100001
01021761
02766607
03606251
01951161
01859833
01364161
02627491
02270017
02927601
03369181
01793639
01583009
03395376
02124161
00421257
00895617
00362501
00211031
02622977
01481473
00177079
02849251
02037501
02812887
01048801
02883457
02582501
00648601
02748417
01638401
02316801
00120225
03061009
02675921
02464929
03515649
02806001
02623981
01391501
00885473
02577601
03009541
02583681
00257825
02339377
00248581
03999889
00135706
02088001
00988501
03019041
02585601
03416321
01945801
01626433
01106561
02262501
02404117
03582801
02399737
00088193
03090305
03847503
02707951
02594681
03855233
02238201
02280641
03740993
02169599
03560296
03179137
00086401
00868001
03816001
03945604
01185313
00396965
00029371
03625821
02223841
00600403
02808541
03925425
02409281
02993601
03765453
01165457
03264251
02170401
01185959
03289153
00314041
02325801
01777689
00434777
00802388
02478257
00075753
03757501
01851821
03595089
00499617
01543770
02245361
02305281
02353617
02373520
00322963
03380001
01898329
03921061
02614231
02434049
02239745
02039041
02278401
02195841
03870045
02633719
00749913
02739725
03395001
03918777
00523159
01135251
03973561
03538081
03703537
03494401
03946781
01082681
03365673
01260161
01778561
00813549
01444701
02636257
03384001
03647021
01451273
00878177
01906181
01261569
01554761
00911935
01174533
03690735
01058161
02747905
02790401
01523941
02478241
02700121
01072189
01532289
02012401
00147633
03732353
00272332
03637317
02494721
01394841
02084011
02754321
03420129
01848221
03428001
00122351
03934001
01753801
03666153
01407901
00485301
00633001
00883201
00533531
00246401
03403011
00007661
03239917
01333501
02687625
02615401
00637025
02225785
01196601
03828161
02038401
00569200
03646801
01042433
00157297
00647632
03779265
02395777
03422721
02614081
01454337
03469201
00091305
03474801
00739265
00567281
01294025
01125121
00229121
01277009
00845575
03488513
03927041
03421833
01388641
00657713
01665665
02380201
00927485
00347501
02173217
01239361
00206201
01805937
01554251
00375681
02872321
03886501
01409081
02959201
01001007
03765175
01870776
00702707
00427421
03737601
03244801
01484065
02559233
02245161
01438663
03532545
00051681
03753393
00269441
01720101
01989837
02809977
03333357
00389581
00585205
03435825
00372801
03854145
03864401
02910729
03275201
03981921
03885321
01668743
02356033
03123601
03888321
00043585
03656197
02898171
01442501
01396301
00404513
02040001
03144945
00078194
02846017
00108801
00175301
02245241
00531751
00422913
01254961
03201481
00256881
01415361
01869801
01708881
01136909
00391501
03652441
01325313
02291789
03953985
00137089
01866151
02892257
01323719
03072577
01014671
03887471
03837041
00564401
01558317
00722001
03580041
02408613
00189001
03709169
02062076
00236681
03510001
02808026
00620327
03848101
02389886
03255041
00868657
00918233
01813001
01177201
01280921
01683111
02558717
02944161
03857537
03716101
03621961
02567201
03836321
02032001
02160201
02466097
00584001
02486177
00320001
01365491
02116841
03836801
00156305
00608848
01436929
00513783
01093121
03932001
03075461
03817501
00675856
02491777
01414105
02237263
00543001
01738865
03715841
02479065
01576893
02886861
02647921
00708857
03387121
01449281
00864737
01113121
03962241
00521601
02727761
03493889
01139201
03423293
02397785
02905041
01845461
00294277
02336001
01622701
02625129
00771841
02913345
01418561
00872401
01588801
03025489
00687101
00816850
01951165
01620801
03172971
01468121
01973041
01901377
01711161
02443009
00695661
03800993
03795201
01339201
01469841
00534001
01837441
03626306
01657465
03108673
00759041
03482301
01796361
00351937
02654857
02642441
02231513
02717057
00349441
00946071
03785681
03687681
00223425
02435521
03893401
02460545
01671200
02840145
02465761
01522825
00679841
02248001
01550977
02248169
03940501
03371705
00941761
01209321
02409985
03156395
00838901
01239125
02214465
02129281
00540065
03616221
03600001
01416043
00026365
03476491
02859101
00951243
03270241
03770197
01220865
00487681
03624001
00207501
01830401
03479741
01791585
01418705
02327201
02215265
01525505
02579569
00422381
00876881
01918349
01714433
01674841
02427555
00180161
03895001
00354305
01775001
01264961
02606289
03911425
02276353
01461711
02947546
03514801
00586931
00038401
02242421
01838731
00616961
03801601
00815751
02786261
01444001
02596561
00917217
00715845
02272985
03049193
01476353
01974103
00116417
01386001
02041401
03379585
00868577
01548809
02853217
03846401
03119501
03829001
03019065
02169929
03664225
00744441
02261161
01615701
01979493
00765481
01450151
01033921
01438337
02326901
00405710
01047937
02967773
01480641
01579393
03909633
02615451
02412993
02660381
01467599
03632105
02080001
02864585
00460801
03873921
00329901
00849921
01861553
03856577
03238801
02361676
02223361
00138401
02827937
00079201
03908931
00207937
00760769
00429399
02249100
02585201
00390401
03868911
01731001
01253121
03422081
03111201
01100493
03544001
01163521
03549893
00331377
00772998
02429681
03680441
02927793
02198673
03097791
01052516
00529601
00150561
02133151
00194196
03739953
03724049
00251001
03486409
03289205
00167481
03985033
01746301
02486709
01043961
00787201
01323521
00857457
01616309
00709325
01427921
03489281
00151361
00990753
00961217
03586801
01800273
00729621
03749891
00226751
00125441
01891037
00648961
00121085
03921137
03591441
02305901
00164391
00496571
03518855
01331161
02369677
00891001
01762194
03510449
00486843
03414081
03874615
00332865
00867921
01768385
01655679
01045805
03943901
03798721
00932233
03512252
02519696
00516993
03415921
03967411
00507097
02444265
01065211
01469153
01124201
01998751
03278345
03054581
03053521
02908001
00755969
00142849
03893651
02493531
01024339
00289601
03026941
00470066
03238401
02465929
02198937
00284771
03539001
03184217
00262711
02889181
00992911
02925001
00608961
01354606
00054593
03005471
02009701
03849601
03718617
02458801
03758353
01737601
00052161
01219001
03724939
03820217
02124701
01018337
02926001
00206337
01250825
02604481
03438021
00375841
00558361
01545151
02311442
02553921
00462021
03450961
00468451
01902333
02235164
03252881
01686529
00376151
03215001
01467285
00080929
03143553
02963201
00612763
03379201
00204001
00350149
02202881
03175781
00693969
02639665
00397001
02039778
03035781
03510977
02890001
03529017
00155345
00531345
02177921
02587301
00485361
00850561
03717061
02699201
03328001
01922335
00007557
00896641
02756641
00468481
01879041
03613841
02528609
03523991
03351533
00298281
02363081
00654851
01545582
01074401
00936321
03460609
00748728
01250001
01360413
03673126
01716251
03214254
00397681
02986125
02480961
00289401
02597121
02792601
01391153
02630849
02319626
00315001
03814753
02881025
01293425
01822001
03229406
03100745
03269301
03534601
00565257
02866935
01760129
00593615
01409637
02776631
00903761
00369001
00636781
02877225
00554705
03656881
03754635
03966701
02015745
02585081
00675501
03941001
03293527
01920001
01787821
01455745
03923153
02362101
01132321
03309409
01550831
00671277
03673601
00419801
02842881
00492801
00678369
00958316
00578811
01438065
01842401
00739009
02237453
00422977
00887073
03535361
02190473
03602501
00221918
03870209
02049721
03790351
02758753
02023241
02238249
02109681
02836337
03238055
03131261
00300481
01342753
03058295
03599501
03259121
01731585
02368421
03801921
03046849
01401335
01573467
00041241
01239041
01325881
02305751
02281551
01709001
02677555
00972431
00434833
01855161
03765781
01319537
03641889
02355009
03617651
03576451
03395731
01647281
00800321
02464001
02229185
00667425
00542061
00762241
02376626
00226845
01072929
02830630
03812001
01582241
02792351
00496641
02489601
01089001
03279073
03173527
01457153
03964229
00906945
01356021
03724833
02849201
02662401
01007233
01049937
01310007
02139761
01103841
00792856
00958769
03041106
00160569
00958621
02339073
00950929
00245265
01277761
03577793
02911942
02493249
03326153
02961681
02524801
03883169
03201281
01428301
02794385
01462057
02426073
00877629
01468301
01388329
01923793
03793665
02313473
02515541
03912001
03498241
02506241
02727495
03512113
00359921
03942361
03156019
01394501
01941043
03933961
01711105
03825544
00981359
03412993
03296769
00938801
01913201
03557531
03650273
00129683
01954537
03268641
02750801
03104897
02290433
03551211
00281081
03540793
01457221
02125997
02916401
03723521
00787411
00418497
01103126
00442581
00661527
02414845
02764801
01496826
02261406
02837761
00548229
02116636
02570209
01482401
00346981
