10000
00000001
00000129
00000321
00000497
00000641
00000921
00001281
00001505
00001655
00002321
00002551
00002993
00003201
00003729
00003827
00004351
00005301
00005401
00005875
00005937
00006817
00006921
00007261
00007569
00008481
00009361
00009473
00009521
00009601
00010129
00010406
00011017
00011737
00012501
00012705
00013001
00013121
00013601
00013825
00014251
00014401
00014971
00015801
00016257
00016631
00016715
00016721
00016855
00017027
00017028
00017501
00017601
00017921
00018021
00018161
00018481
00018881
00020209
00020305
00020561
00021761
00022529
00024193
00024301
00025201
00026373
00026981
00027126
00027169
00027571
00027901
00028865
00028929
00029209
00029233
00029601
00030001
00030091
00030141
00030385
00030751
00030757
00031033
00031651
00031761
00032441
00033021
00033025
00033281
00034481
00035073
00035621
00035851
00035942
00036321
00036346
00036801
00036823
00037121
00037185
00037201
00038817
00039176
00039501
00040225
00040545
00040565
00041151
00041473
00041669
00041833
00042401
00042641
00043301
00043426
00045249
00046001
00046988
00047265
00047507
00047727
00047849
00048001
00048033
00048151
00048211
00049001
00049551
00050221
00050761
00051001
00051626
00051841
00052769
00053101
00053121
00053249
00053451
00053889
00054105
00054161
00055293
00055501
00056751
00057244
00057351
00057601
00058871
00059581
00059761
00059841
00060801
00062145
00062401
00063601
00063892
00064001
00064483
00064637
00065441
00065501
00065518
00066027
00066201
00066533
00067057
00067357
00067519
00067601
00067909
00068372
00068401
00068925
00068961
00069201
00070071
00070401
00071021
00071686
00071729
00072705
00072901
00072961
00073067
00073393
00074369
00074517
00076361
00076621
00077301
00077581
00077801
00077905
00078451
00078511
00078881
00079201
00080001
00080123
00080617
00080641
00080681
00080801
00080893
00081153
00081329
00081741
00082113
00082337
00082861
00083681
00084001
00084061
00084161
00084961
00086401
00086505
00087409
00088669
00088849
00090001
00090209
00091221
00091721
00092129
00092861
00092943
00093471
00093997
00094217
00094721
00094801
00095161
00095521
00095691
00095857
00096721
00096769
00096801
00097045
00097587
00097793
00098533
00098649
00098849
00099001
00099075
00099841
00100011
00100036
00100929
00101181
00101745
00102279
00102636
00102689
00104025
00104193
00104401
00104891
00105681
00106051
00106401
00106881
00107033
00107201
00107329
00108161
00110281
00110651
00110769
00110881
00110897
00111361
00112449
00112641
00112785
00112945
00113109
00113121
00113137
00113217
00113681
00114001
00114301
00114596
00115070
00115081
00115501
00116001
00116993
00118017
00118169
00118381
00119601
00119921
00120201
00120281
00120307
00120801
00120951
00120961
00121521
00121601
00122546
00122821
00123451
00123717
00124161
00124241
00124667
00124785
00124801
00125121
00125481
00126849
00127601
00127937
00128001
00128601
00128881
00128891
00129025
00129185
00129353
00129441
00129529
00129561
00129681
00129921
00130101
00130589
00131141
00132121
00132865
00132945
00133193
00134065
00134145
00134291
00135201
00135697
00135891
00136187
00136521
00136591
00136721
00137216
00138441
00138625
00139121
00139563
00140185
00140993
00142861
00143361
00143881
00144001
00144601
00144737
00145373
00145945
00147585
00147721
00147813
00148225
00148545
00148737
00149121
00149251
00149472
00149541
00149601
00149777
00150241
00150481
00150663
00151001
00151457
00151501
00152187
00152245
00152253
00152321
00152765
00152801
00152833
00153277
00153601
00154689
00154957
00155351
00155671
00156471
00156961
00157441
00158081
00158945
00159201
00159361
00159501
00160001
00161793
00161856
00162241
00162501
00163841
00164001
00164097
00164481
00164641
00165265
00165297
00165581
00165921
00166101
00167041
00167085
00167441
00168193
00168897
00169281
00169657
00170185
00170196
00170541
00171015
00171216
00171585
00172401
00173751
00173800
00174025
00174161
00174173
00175041
00175057
00175621
00175701
00176001
00176011
00176281
00176545
00176737
00176897
00176917
00177281
00177551
00177831
00178537
00178895
00179201
00179481
00179944
00180401
00181277
00181313
00181333
00181521
00182876
00182881
00183041
00183161
00183701
00184225
00184321
00184561
00185345
00185857
00185941
00186241
00186289
00186811
00187301
00188513
00189931
00190301
00190321
00190413
00191725
00191921
00192146
00192209
00192225
00192353
00193237
00193751
00193801
00194161
00194817
00194946
00195001
00195733
00196251
00196819
00196941
00197170
00197385
00197441
00197501
00197633
00198221
00198958
00200801
00200961
00201041
00201473
00201601
00201801
00202065
00202121
00203185
00203521
00203601
00206145
00207201
00207361
00207481
00207705
00208417
00209293
00209317
00209750
00210177
00210634
00211201
00211881
00212533
00212833
00212865
00213496
00213657
00214801
00215041
00215376
00216001
00216507
00217094
00217901
00217969
00218273
00218497
00218905
00219185
00220671
00220673
00220801
00221561
00221901
00222007
00222901
00223135
00224001
00224281
00225251
00226001
00226057
00226497
00228441
00229105
00229425
00230751
00231681
00231713
00232001
00232273
00232737
00232921
00233025
00233089
00233281
00233825
00234201
00235201
00235641
00236289
00236449
00236465
00236921
00237373
00237539
00237601
00238854
00239081
00239536
00239921
00240001
00240321
00240551
00240801
00241781
00242577
00242715
00242801
00242921
00242931
00243176
00243201
00244111
00244541
00244601
00245641
00245801
00246371
00247473
00247701
00248167
00248613
00248649
00249125
00249281
00249361
00249411
00249601
00249741
00249921
00250149
00250401
00251841
00252201
00252291
00253345
00253661
00254329
00254521
00254697
00254861
00255553
00256001
00257161
00258201
00258283
00258376
00258521
00258581
00259009
00259361
00260369
00260449
00260481
00260521
00260609
00261377
00261521
00261537
00262237
00262273
00263301
00264001
00264361
00265089
00266649
00266741
00267121
00267905
00268221
00269229
00269491
00269615
00270521
00271929
00271985
00272283
00272506
00272691
00273201
00273241
00274041
00274181
00274209
00274221
00274401
00274561
00275001
00275231
00275561
00275581
00276225
00276233
00276641
00276929
00276993
00277017
00278425
00278481
00278721
00279441
00280001
00280241
00281089
00281345
00282801
00283001
00283361
00283721
00284081
00284161
00284481
00284901
00285659
00285761
00286161
00286269
00286401
00286801
00286813
00287721
00288649
00288667
00288951
00289831
00290001
00290341
00290498
00290821
00291323
00291491
00291501
00291861
00292237
00292369
00292585
00293241
00293251
00293633
00294401
00294913
00295567
00295731
00295921
00296116
00296321
00296391
00296744
00296756
00296801
00296897
00296961
00297201
00297301
00297631
00297911
00298049
00298451
00298641
00298661
00298841
00298891
00300001
00300246
00300545
00300801
00301057
00302601
00303001
00303414
00303932
00304043
00304541
00304993
00305089
00307701
00307905
00308079
00308097
00308561
00309521
00309761
00310081
00310374
00310537
00310945
00311041
00311553
00311713
00311793
00312101
00312185
00312801
00313249
00313441
00314401
00315249
00316233
00316545
00316651
00316709
00317401
00317501
00317601
00317851
00318321
00318385
00318401
00318825
00318921
00318953
00319601
00320001
00321601
00322321
00322561
00322681
00322689
00323265
00323801
00324369
00324577
00325119
00325121
00325633
00326689
00326701
00327621
00327801
00327817
00328193
00328385
00328641
00329601
00330181
00330763
00331933
00332151
00332241
00332401
00333501
00333533
00334081
00334251
00334337
00334726
00335265
00335461
00335568
00335935
00336641
00336961
00337041
00337201
00337809
00338193
00338751
00339617
00339655
00339713
00340587
00340701
00340713
00341001
00341185
00341581
00341921
00343321
00345101
00346001
00347001
00347461
00347551
00348193
00348401
00349361
00349720
00349825
00349997
00350251
00350301
00350641
00350741
00350765
00351361
00352001
00352577
00352801
00352857
00353151
00353230
00353321
00353601
00353637
00353709
00353741
00354305
00354401
00354449
00354561
00355001
00355393
00355801
00355841
00356781
00357601
00357676
00357741
00358465
00358721
00359366
00359473
00359541
00359889
00360001
00361297
00361393
00361951
00362001
00362241
00363001
00363791
00363921
00364953
00365101
00365297
00365476
00365521
00365601
00366849
00366955
00367745
00367915
00368001
00368751
00369401
00369665
00369921
00370521
00370689
00370861
00372113
00372217
00372321
00373001
00373401
00373761
00374225
00374661
00374789
00374881
00375401
00375481
00375521
00375537
00375601
00376401
00377265
00377345
00377601
00378251
00378561
00378721
00379201
00379649
00379969
00380001
00380623
00380721
00380761
00381201
00381413
00381881
00382321
00382577
00382721
00385265
00385498
00385721
00386726
00387201
00387841
00388769
00388961
00389121
00389281
00389301
00389505
00389751
00389909
00390401
00390509
00390721
00390801
00391221
00391421
00391473
00391536
00391776
00391873
00392393
00394050
00394609
00394931
00395829
00396801
00397431
00397441
00397601
00397681
00398321
00399351
00400001
00400201
00401593
00402176
00402203
00402991
00403073
00403117
00403201
00403405
00403869
00404641
00404817
00405662
00405701
00405815
00405879
00406221
00406476
00407041
00408001
00408353
00408633
00409121
00409281
00409946
00410241
00410702
00410949
00410966
00410993
00411393
00411481
00412751
00412981
00412991
00413045
00413511
00414601
00415089
00415161
00415953
00416321
00416641
00416981
00417001
00418257
00418561
00419001
00419041
00419651
00419713
00420001
00420263
00420391
00420481
00421921
00421926
00422541
00423505
00424001
00424937
00426241
00426561
00426991
00427300
00427601
00427809
00428801
00429051
00429057
00429101
00429201
00429331
00429649
00429985
00430209
00430401
00430493
00430799
00431025
00431361
00431441
00431601
00432229
00432449
00432569
00432717
00432961
00433161
00433201
00433313
00433941
00434781
00435001
00435585
00435751
00435832
00435841
00436321
00436641
00436921
00437157
00437661
00438289
00438331
00438913
00439681
00439721
00439921
00440259
00440507
00440933
00440961
00441209
00441567
00441985
00442321
00442881
00443201
00443841
00444001
00444606
00446127
00446561
00447561
00448561
00449281
00449783
00450001
00450353
00450449
00450497
00450561
00450641
00450936
00451201
00451331
00451361
00451569
00451601
00451611
00452379
00452737
00453129
00453241
00453361
00453477
00454881
00455041
00455043
00455521
00455921
00457217
00458241
00458753
00460101
00460801
00461435
00461931
00462929
00463541
00463557
00463681
00464001
00465025
00465901
00466977
00468609
00468735
00468851
00468961
00469041
00469361
00469377
00469441
00470601
00471137
00471826
00472001
00472101
00472161
00472321
00473425
00473473
00474961
00475201
00475393
00476001
00476161
00476749
00476801
00477165
00477201
00477765
00477974
00478131
00478149
00478954
00479301
00479681
00480001
00480231
00481133
00481301
00481715
00482785
00483633
00483746
00484065
00484441
00484641
00484673
00484801
00485121
00485761
00486088
00486891
00486913
00487791
00488001
00488201
00488841
00489001
00489041
00489201
00489681
00489831
00490201
00490321
00490621
00490976
00491009
00491193
00491221
00491321
00492121
00492361
00492441
00492801
00493063
00493441
00493601
00494017
00494389
00494573
00494849
00495601
00496001
00496311
00496769
00497167
00497177
00497631
00497821
00498761
00498779
00498825
00499051
00499201
00499231
00499433
00500201
00501249
00502321
00502513
00502697
00502911
00503113
00505601
00506241
00506381
00506757
00507101
00507201
00507862
00508833
00509801
00510521
00511929
00512021
00512101
00514081
00514305
00514461
00514837
00515585
00516001
00516785
00516921
00518153
00518841
00518881
00518913
00520173
00521176
00521921
00522201
00523761
00524201
00524266
00524301
00524701
00526401
00527201
00527261
00527425
00527581
00528937
00529793
00530001
00530921
00531876
00532201
00532481
00532641
00532926
00533041
00533441
00533561
00533921
00534121
00534441
00535481
00535551
00535681
00535761
00536001
00536701
00537929
00538001
00538545
00538971
00540001
00541541
00541701
00542381
00542593
00542945
00542961
00543281
00543681
00544001
00544065
00544423
00544449
00544641
00544833
00545281
00545357
00545386
00545763
00545953
00546037
00546043
00546753
00547729
00548353
00548886
00549034
00549101
00549241
00551295
00551681
00552451
00553915
00554501
00554583
00554721
00555073
00555713
00556385
00557041
00558149
00558201
00558395
00558401
00558461
00559043
00559905
00560545
00560553
00560897
00561265
00562021
00562321
00562366
00562431
00562501
00563169
00563605
00563753
00563971
00565761
00565907
00566401
00567041
00567121
00567201
00567585
00567588
00567809
00567813
00568181
00568201
00568321
00568813
00568881
00568911
00569621
00569901
00570511
00571001
00571121
00571137
00571481
00572097
00572121
00572376
00572513
00572609
00573425
00573501
00573585
00573761
00573921
00574201
00574367
00575131
00575425
00575519
00575753
00575861
00576001
00576725
00576901
00577166
00578057
00579481
00579896
00580051
00580657
00581025
00581377
00582171
00583073
00583201
00584001
00584257
00584401
00584561
00584929
00585757
00585801
00585985
00586541
00586753
00587009
00587521
00588545
00588741
00590461
00591201
00592001
00592113
00592201
00592255
00592361
00592641
00592961
00593101
00593921
00594033
00595163
00596319
00597321
00597841
00597889
00598401
00598721
00598801
00599041
00599681
00599745
00599905
00600001
00600609
00600841
00600851
00600961
00601127
00601309
00601345
00601726
00601933
00603121
00603491
00603571
00604376
00604601
00604785
00605201
00605343
00606101
00606721
00606921
00606961
00607201
00607393
00607751
00608297
00608961
00609121
00610369
00611201
00611601
00613341
00613441
00613931
00615831
00615937
00616231
00616751
00616961
00617151
00617601
00618521
00619801
00619857
00619985
00620601
00620801
00621849
00622009
00622013
00622081
00622593
00624321
00624401
00625041
00625729
00625744
00625769
00625793
00625921
00627707
00627961
00627969
00628001
00628481
00628608
00629825
00629989
00630051
00630081
00631081
00631101
00631121
00631851
00632621
00632873
00632917
00633169
00633501
00633633
00634113
00634145
00635501
00636041
00636045
00636509
00637253
00637297
00637441
00638001
00639126
00640160
00640465
00640769
00641025
00641043
00641797
00642201
00642561
00643461
00643617
00644113
00645857
00646113
00646185
00646447
00647051
00648001
00648193
00648201
00648891
00648936
00649105
00649318
00649401
00651001
00651371
00651745
00652001
00652097
00652151
00652161
00652241
00652741
00652801
00652865
00653716
00653901
00654155
00654529
00654881
00655361
00656061
00656265
00657791
00657857
00658065
00658721
00659205
00659257
00659457
00660177
00660673
00660801
00660993
00661121
00661382
00661633
00662401
00662593
00662721
00663289
00663801
00664385
00665001
00665145
00665233
00665281
00665601
00665865
00667633
00667741
00668246
00668641
00668690
00668869
00669665
00670081
00670877
00671085
00671881
00672001
00672321
00673901
00675497
00675551
00675731
00676151
00676297
00676361
00677501
00677665
00678013
00678657
00679041
00679681
00679999
00680001
00680321
00681001
00681376
00681501
00681601
00681913
00682001
00682291
00682561
00682612
00683001
00683201
00683517
00684909
00685241
00685281
00686235
00687441
00687469
00688641
00689697
00690529
00690577
00690991
00691049
00691201
00691501
00691713
00691921
00692629
00694573
00695377
00695951
00696001
00696141
00696271
00696311
00696833
00697281
00697361
00697597
00697601
00697857
00698683
00698721
00698977
00699521
00700001
00700151
00700401
00700521
00702521
00702681
00704001
00704541
00704706
00704751
00704991
00704993
00705105
00705281
00705537
00705681
00705753
00706561
00707039
00707141
00707281
00707321
00707953
00708161
00708840
00708893
00709169
00709381
00710129
00710289
00710861
00711073
00711155
00711233
00711753
00712301
00712337
00712501
00714881
00714913
00715409
00715781
00715841
00716481
00716647
00717201
00717401
00718121
00718441
00718461
00718463
00718497
00718753
00718881
00719001
00719026
00719971
00720001
00720151
00720185
00720409
00720521
00721161
00721729
00721736
00721911
00722679
00723293
00723489
00724081
00724097
00724401
00725185
00725701
00726017
00726145
00726477
00727041
00727063
00727113
00727201
00727985
00728001
00728485
00728609
00728785
00729601
00730001
00730481
00730826
00731025
00731217
00731281
00731841
00732161
00732209
00732851
00733337
00733801
00734917
00734975
00735295
00736001
00736897
00737041
00737913
00738049
00738561
00738661
00739201
00739457
00739501
00739709
00740001
00740111
00740449
00741225
00741377
00741521
00741761
00741973
00742099
00742241
00742881
00743401
00743521
00743841
00744001
00744079
00744321
00744705
00746501
00746625
00746871
00747713
00747901
00748976
00750321
00750401
00750561
00750721
00750961
00751241
00751499
00752481
00752501
00752641
00752833
00753171
00753401
00753665
00753921
00754201
00755201
00755969
00756161
00756361
00757526
00757601
00757919
00758081
00758273
00758401
00758561
00758681
00759001
00759041
00759521
00759551
00760051
00760557
00760801
00761889
00762001
00762501
00762505
00762705
00762817
00763103
00763833
00764033
00764305
00765176
00765281
00765337
00765511
00766497
00768952
00768961
00769185
00770193
00770401
00770601
00771366
00772213
00773067
00773681
00774277
00774781
00774793
00775169
00775347
00775441
00776305
00776321
00777393
00777489
00777951
00779009
00779720
00779937
00780341
00780801
00780921
00781126
00781233
00781761
00781845
00782286
00783281
00783801
00783873
00784401
00785551
00788353
00788801
00789121
00790001
00790081
00790261
00790401
00790481
00791073
00791256
00792001
00792495
00792981
00793501
00793825
00794785
00794913
00795841
00796081
00796225
00796441
00796481
00796687
00796861
00797441
00797671
00798001
00798701
00799641
00799701
00799905
00800001
00800081
00801205
00802721
00803169
00803553
00803617
00803801
00804206
00804561
00804929
00805009
00805129
00805377
00806441
00806531
00806665
00808181
00808697
00808835
00809101
00809601
00810241
00810287
00810809
00811001
00812321
00812801
00812849
00814881
00814940
00816129
00816859
00817041
00818289
00819713
00820001
00820051
00820119
00821061
00821415
00821505
00821549
00822001
00822542
00822601
00822661
00822701
00822721
00822921
00823365
00824001
00824601
00824769
00824833
00825153
00826545
00826933
00827606
00827997
00828001
00828301
00828801
00829861
00830216
00832521
00832545
00833601
00834233
00836041
00836876
00837025
00837301
00837361
00837673
00839081
00840101
00840393
00841501
00842371
00842641
00843265
00843579
00844465
00844993
00845041
00845081
00845225
00845381
00845493
00846135
00846141
00846521
00846681
00847361
00847777
00847929
00848271
00849593
00849681
00849729
00849761
00850001
00850561
00850705
00850726
00851457
00851841
00853001
00853227
00853633
00854081
00854401
00854801
00855081
00855471
00855576
00855801
00856701
00857501
00857601
00857761
00857798
00857985
00858116
00858257
00858561
00858914
00859749
00859769
00860331
00861109
00861401
00861905
00862381
00864393
00864501
00864745
00865431
00865809
00866049
00866121
00866265
00866391
00866501
00868045
00868201
00868321
00868961
00869001
00869309
00869601
00870401
00870501
00871161
00872359
00872513
00872913
00873286
00873465
00873601
00875466
00876026
00876221
00876641
00876642
00877141
00877410
00877633
00878101
00878241
00878401
00878901
00879201
00879716
00879881
00880007
00880129
00881801
00882170
00883209
00883481
00884055
00885197
00885521
00885825
00886529
00887041
00887153
00887501
00887681
00887809
00888351
00888713
00888826
00889281
00889345
00889436
00889825
00890261
00891137
00891521
00891701
00892001
00892801
00893166
00893441
00893521
00893929
00894011
00895021
00895873
00895996
00896001
00896081
00896401
00896705
00896737
00896901
00897507
00897801
00897901
00898255
00898569
00898675
00898751
00899201
00899441
00899521
00899713
00900001
00900632
00901249
00901681
00902201
00902401
00902661
00902781
00903201
00903871
00904329
00904449
00904931
00905217
00905251
00906001
00906481
00906501
00906905
00907041
00907777
00908161
00908185
00908229
00908281
00908401
00908821
00909057
00911286
00911721
00911809
00911941
00913169
00914385
00915941
00917501
00917665
00918977
00919905
00920065
00920126
00920381
00920431
00921075
00921089
00921601
00921649
00922001
00922881
00922961
00923001
00923201
00923286
00923381
00923721
00923729
00924033
00924425
00924481
00925273
00925701
00926001
00926081
00926349
00926641
00926801
00927041
00927061
00928249
00928283
00928361
00928401
00929001
00929331
00929441
00929761
00930901
00931201
00931993
00932901
00932911
00933089
00933121
00934465
00935266
00936001
00936033
00936209
00936585
00936751
00936865
00937551
00937601
00938081
00938453
00938531
00939081
00940383
00941761
00941853
00941961
00942001
00942401
00942501
00943201
00943217
00943381
00943451
00943551
00943825
00943857
00943885
00944257
00944401
00945433
00945601
00945691
00945921
00946689
00947041
00947201
00947969
00948091
00948121
00948141
00948501
00948677
00948801
00948849
00949101
00949401
00949553
00949561
00952001
00952257
00952345
00952801
00952847
00953091
00955161
00955441
00956116
00956801
00957001
00957269
00958017
00958081
00958214
00959394
00959656
00959665
00960545
00960641
00961265
00962825
00963763
00964620
00964941
00965089
00965341
00966017
00967271
00967296
00967433
00967711
00967853
00968161
00968258
00968711
00968891
00968961
00969171
00969521
00969631
00970241
00970657
00971105
00971613
00972161
00972401
00972801
00973121
00973301
00974001
00974181
00975201
00975965
00976145
00976641
00976737
00976801
00977501
00977681
00977761
00978001
00978177
00978301
00978473
00978497
00978961
00979201
00979473
00979751
00979767
00980993
00981201
00981369
00982017
00982081
00982589
00982836
00983473
00983561
00984769
00984865
00984929
00985053
00987426
00988001
00988161
00988317
00988421
00988529
00988929
00989369
00990101
00990545
00990551
00990673
00991001
00991221
00991311
00991361
00991961
00992001
00992361
00993281
00993793
00994001
00994813
00995361
00995457
00995575
00996001
00996481
00996599
00996801
00996865
00996881
00996901
00997381
00997857
00999521
00999809
00999961
01000001
01000125
01000313
01001801
01002001
01002041
01002337
01002369
01004161
01004661
01004801
01006033
01006081
01006101
01006251
01006401
01006573
01007201
01007649
01007765
01007797
01007981
01008185
01009089
01009101
01011001
01011329
01011361
01011617
01011657
01012001
01012289
01012313
01012447
01013233
01013246
01013531
01013561
01013985
01014237
01014577
01015421
01016859
01017251
01017591
01017745
01017857
01018651
01019026
01019081
01019201
01019457
01019841
01020001
01020032
01020101
01020691
01021235
01021441
01022401
01023613
01024001
01024325
01025437
01027141
01027251
01027473
01027681
01027701
01029313
01029825
01030241
01031681
01031825
01031841
01032001
01032889
01032961
01033287
01033721
01033981
01034979
01035821
01036251
01036549
01036801
01037221
01038081
01038121
01038241
01038337
01038517
01038601
01039001
01039011
01039265
01039617
01040001
01040851
01040961
01041576
01041601
01041929
01042529
01042609
01043183
01043561
01043601
01043801
01043901
01044076
01044096
01044929
01044961
01045505
01046161
01046501
01047361
01048001
01048217
01048235
01048321
01048837
01049551
01050487
01051433
01052001
01052041
01052233
01052321
01053012
01053041
01053761
01054153
01054241
01054401
01054561
01055189
01055290
01055423
01056007
01056351
01056551
01056961
01057025
01057485
01057529
01057801
01058941
01059861
01061477
01061761
01062059
01062096
01062149
01062401
01062459
01062921
01063041
01063425
01064591
01064945
01065277
01065281
01067551
01067897
01068011
01068161
01068226
01068673
01068801
01068961
01069001
01069081
01069145
01069281
01069546
01070209
01071105
01071201
01071376
01071546
01071881
01071963
01072405
01072641
01073272
01073481
01073990
01074125
01074637
01074845
01075081
01075201
01075837
01076215
01076481
01076785
01076801
01077021
01078113
01078161
01078933
01079001
01079041
01079161
01079513
01079937
01080161
01080401
01080467
01080611
01080625
01081471
01081601
01081661
01081761
01081825
01082191
01082441
01082801
01083145
01083281
01083801
01084161
01084353
01085313
01085953
01086161
01086518
01086859
01087361
01087751
01088001
01088363
01088993
01089225
01089293
01089461
01089817
01089851
01090081
01090469
01090689
01091001
01091073
01091746
01092101
01092517
01093361
01093501
01094127
01094229
01094769
01095441
01095639
01096305
01096327
01096601
01097061
01097569
01098201
01099116
01099521
01099681
01099873
01100451
01100641
01100737
01101838
01102256
01102361
01102696
01103253
01103289
01103771
01104001
01104901
01104941
01105165
01105345
01106177
01106257
01106376
01106769
01107051
01107121
01107169
01107201
01107223
01107595
01108321
01109021
01109097
01109121
01109139
01110001
01110351
01111016
01111041
01111109
01112201
01112561
01113089
01113121
01113401
01113701
01113741
01116001
01116801
01116805
01117001
01117133
01117441
01117593
01118165
01118561
01119361
01119501
01119851
01120001
01120489
01120921
01120977
01121361
01121961
01122001
01122625
01122966
01123361
01123393
01123601
01123641
01124091
01124481
01124999
01125249
01125388
01126401
01127041
01127155
01127585
01127681
01128609
01128694
01128801
01129261
01130791
01130977
01131393
01131999
01132097
01132451
01132801
01134290
01134961
01135045
01135879
01136641
01136673
01136705
01137101
01137581
01137601
01138081
01138459
01138601
01138689
01138793
01139546
01140161
01140165
01140545
01141249
01141501
01141761
01141861
01142533
01143241
01144053
01144559
01144607
01144769
01144801
01145501
01145641
01146257
01148585
01148761
01148851
01149095
01149201
01149293
01149889
01150001
01151013
01151541
01151745
01151955
01152361
01152721
01152801
01153051
01153097
01153921
01154305
01154707
01154753
01154881
01155097
01155521
01155585
01155801
01155951
01156221
01156251
01157201
01157349
01157611
01158011
01159295
01159323
01159817
01159825
01160293
01160601
01161001
01161401
01161601
01161761
01161793
01161901
01161985
01162241
01163793
01163961
01164001
01164094
01164323
01164833
01165767
01166001
01166141
01166945
01167441
01167873
01168497
01168641
01168701
01170501
01171201
01171501
01171611
01171769
01172351
01172426
01172841
01172877
01173361
01174273
01174301
01175101
01175141
01175361
01175857
01176011
01176401
01176751
01176769
01176801
01176833
01177009
01177209
01177321
01178001
01178481
01179201
01179601
01179809
01180486
01180735
01180801
01180865
01181601
01182276
01182449
01182481
01183288
01183519
01184033
01184071
01184513
01184529
01184801
01185311
01186225
01186241
01186291
01186945
01187201
01187517
01188529
01188585
01188651
01189401
01189591
01189869
01189911
01190049
01190081
01190401
01190553
01190569
01190617
01190757
01190801
01191001
01191137
01191425
01192132
01192529
01193217
01193401
01193473
01194281
01194993
01195531
01195777
01196001
01196513
01196721
01196781
01196789
01196801
01197501
01197659
01199041
01199049
01199176
01199601
01199689
01199731
01200001
01200081
01200409
01200801
01201321
01201705
01202141
01202241
01202261
01202393
01203457
01203481
01204349
01205401
01205845
01206169
01206401
01207041
01207425
01209587
01209601
01209891
01209921
01209945
01209969
01210001
01210371
01210921
01211281
01212201
01212481
01212801
01212951
01213483
01213713
01214535
01214801
01214961
01215201
01215321
01215473
01215501
01215521
01215617
01215721
01216001
01216201
01216641
01216671
01216897
01216961
01217145
01217633
01218241
01218251
01218751
01219762
01220751
01221766
01222089
01222225
01224129
01224181
01224321
01224399
01224441
01225131
01226049
01226721
01226881
01227201
01227321
01227421
01227521
01228545
01228609
01229313
01229511
01229569
01230397
01231047
01231105
01231201
01231857
01231873
01232001
01232099
01233201
01233433
01234197
01234325
01235461
01235841
01235901
01236305
01236769
01236801
01237057
01237183
01238001
01238401
01239361
01239809
01239901
01239961
01240577
01241281
01241701
01241849
01242401
01242561
01243001
01244011
01244081
01244401
01244609
01245051
01245441
01246001
01246141
01246281
01246308
01246321
01246921
01247321
01248001
01248251
01248371
01249121
01249281
01250001
01250376
01250717
01250877
01251041
01251369
01251593
01251841
01252097
01252289
01252599
01252797
01252817
01253505
01253517
01253601
01254401
01254403
01254657
01255197
01255341
01255426
01256401
01256941
01257140
01257146
01257841
01258696
01259681
01260421
01260481
01260737
01260801
01261057
01261299
01262501
01262535
01263741
01264081
01264481
01264521
01264641
01264961
01265501
01266001
01266421
01266871
01266881
01267393
01267841
01268001
01268011
01268857
01269096
01269121
01269151
01269161
01270321
01270529
01272345
01272505
01272927
01273761
01273925
01273929
01274229
01276131
01276801
01277651
01277663
01278681
01280001
01280201
01280481
01280921
01281256
01283479
01283665
01283971
01284719
01284801
01284849
01286341
01286801
01286901
01287425
01287721
01287905
01288012
01288081
01288201
01289721
01290881
01290951
01292097
01293351
01293889
01294301
01294346
01294401
01294581
01294929
01295009
01295191
01295265
01295631
01295773
01295797
01296001
01296125
01296141
01296641
01297089
01297273
01297641
01298101
01298861
01298881
01300151
01300501
01300781
01301321
01302621
01302629
01302921
01303137
01303247
01304193
01304215
01304946
01305235
01305421
01305601
01305617
01306076
01306373
01306751
01306961
01307516
01307841
01307905
01308063
01308401
01308801
01309505
01309601
01309941
01310319
01311201
01312071
01312769
01312881
01313701
01313761
01313793
01314049
01314085
01314667
01315393
01316461
01316865
01317121
01318193
01318301
01319521
01319681
01320041
01320329
01320401
01321601
01321945
01322921
01323133
01323693
01324245
01324601
01324801
01325487
01325701
01325825
01325898
01326081
01326285
01326721
01327001
01328497
01329361
01329401
01329601
01329731
01329857
01330001
01330429
01331017
01331251
01331281
01331337
01331361
01333801
01334001
01334101
01335153
01335169
01335701
01336273
01336286
01336741
01337681
01337921
01338553
01339041
01339121
01339581
01340161
01340321
01340325
01341541
01342167
01342465
01342829
01344353
01345217
01345281
01345351
01345537
01345825
01346101
01347021
01347213
01347401
01347501
01348141
01348360
01348481
01349335
01349639
01350001
01350608
01351681
01351876
01352501
01352577
01352601
01353281
01353323
01354301
01355201
01355261
01356033
01356161
01356961
01357057
01357149
01357363
01357441
01359017
01359545
01359561
01359945
01359961
01360001
01360025
01361601
01361614
01361753
01361756
01361761
01361981
01363601
01363641
01363681
01363921
01364113
01364161
01364341
01364801
01365221
01366253
01367331
01367621
01368177
01369411
01369656
01369796
01370833
01371861
01373601
01374241
01374329
01374649
01374797
01375361
01375441
01375681
01375751
01376001
01376281
01376474
01377101
01377134
01377617
01377861
01378113
01378593
01379841
01380225
01380321
01380481
01380545
01380751
01380801
01381031
01381181
01381302
01381613
01381985
01382401
01382561
01383001
01383057
01383513
01383566
01383681
01383825
01384091
01384449
01385278
01385697
01386296
01386401
01387355
01387451
01388111
01388289
01388321
01389535
01389921
01390081
01390881
01391209
01391997
01392001
01392093
01392129
01392801
01393126
01393491
01393701
01393997
01394631
01394991
01395064
01395521
01397561
01397761
01398251
01398561
01399809
01399851
01399957
01401601
01401705
01402109
01402201
01402241
01403001
01403601
01404001
01404281
01404591
01404801
01405213
01405277
01405601
01405881
01406401
01407745
01408001
01408251
01408513
01408625
01408801
01409761
01409801
01411089
01411481
01412001
01412151
01412161
01412225
01413001
01413791
01414151
01414161
01416193
01416721
01417361
01417477
01417761
01418161
01419041
01419201
01419521
01419901
01420001
01420801
01420993
01421251
01421253
01421569
01422129
01422241
01422561
01422641
01422785
01422913
01423209
01423662
01423949
01424001
01424129
01424141
01424673
01425921
01426289
01426625
01426801
01427375
01427573
01428321
01429039
01429857
01430661
01431529
01431937
01431953
01432199
01432913
01434053
01434085
01434241
01435067
01435329
01435353
01436687
01437301
01437501
01438361
01438561
01438833
01439601
01439641
01440001
01440641
01442433
01442621
01443131
01443201
01443486
01443751
01444129
01444321
01445151
01446401
01446495
01446601
01446886
01447201
01447383
01447489
01448001
01448081
01448449
01449581
01449651
01449881
01451369
01451461
01451601
01451729
01452401
01452801
01453473
01453569
01455151
01457377
01457401
01457501
01458001
01458641
01458929
01459165
01459681
01460081
01460801
01460863
01460865
01460881
01460961
01461499
01462401
01463001
01463041
01464721
01465201
01466361
01466393
01466601
01467501
01467561
01467761
01468205
01468313
01468881
01468901
01469211
01469311
01469569
01469847
01469963
01470181
01470329
01470425
01470441
01470701
01470721
01471233
01471263
01471537
01471681
01472321
01473921
01473951
01473958
01474481
01474721
01475257
01475573
01475745
01475841
01476433
01476501
01476908
01477221
01477601
01477865
01479357
01480001
01480348
01480351
01480545
01480601
01481509
01481521
01481557
01482399
01482933
01483009
01483841
01483921
01484001
01484401
01484595
01484801
01485221
01485601
01485931
01486001
01486291
01486401
01486529
01486919
01487101
01487361
01488001
01488209
01488853
01490001
01490555
01491576
01491701
01491821
01491841
01491871
01491961
01492003
01492561
01492601
01493773
01493801
01494081
01494151
01494401
01494436
01494620
01494961
01495553
01496001
01496305
01497201
01497291
01497425
01497801
01497969
01498457
01498536
01498921
01499745
01500553
01500753
01501041
01502081
01502201
01502501
01503441
01503937
01504001
01504681
01504876
01505691
01506226
01506347
01506401
01509837
01510089
01510273
01510303
01510401
01510721
01511297
01512097
01512841
01512921
01512941
01513401
01513501
01514001
01515521
01516571
01517201
01517441
01517793
01518441
01518661
01518751
01518851
01518897
01519105
01519513
01519665
01520129
01520151
01520385
01521921
01522326
01522941
01522951
01523041
01523201
01523721
01525113
01525505
01525751
01525901
01527211
01527601
01527876
01528225
01528273
01528321
01528437
01528869
01529267
01529527
01529601
01529617
01529975
01530041
01530753
01530881
01531057
01531221
01531331
01531681
01532161
01532401
01532801
01532935
01533269
01533489
01533521
01534145
01534201
01534305
01534401
01534721
01536001
01537241
01537251
01537353
01537601
01537661
01538041
01538529
01538577
01538761
01539181
01539271
01539529
01540001
01540781
01541169
01541761
01542197
01542371
01542441
01543169
01543283
01543441
01543769
01544001
01544449
01544476
01544573
01545001
01545184
01545601
01546201
01546257
01546381
01546695
01546721
01547065
01547201
01547361
01547486
01547521
01547601
01547815
01548433
01548551
01548801
01549001
01549201
01550337
01550351
01550401
01551105
01551649
01552001
01552641
01553097
01553221
01553361
01553971
01553985
01554001
01554241
01554433
01555113
01555121
01555201
01555713
01556001
01556196
01556233
01556331
01557181
01557201
01557761
01558331
01558601
01558681
01559361
01560577
01561505
01561601
01561729
01561971
01562001
01562783
01563293
01563455
01563601
01564161
01564170
01564701
01564801
01565441
01566001
01566405
01566407
01566841
01566961
01567190
01567441
01567681
01567876
01568065
01568129
01568201
01569251
01569825
01570083
01570561
01571041
01571601
01572001
01572361
01572801
01574381
01574401
01575291
01576641
01576665
01576961
01577281
01577683
01577721
01577723
01577729
01577851
01578151
01578721
01579971
01579985
01580001
01580117
01580251
01581241
01581931
01582081
01582785
01583233
01583361
01583881
01583953
01584001
01584225
01584321
01585001
01586001
01586561
01586721
01586977
01587061
01587081
01587457
01588001
01588177
01589693
01590401
01591041
01591553
01592001
01592561
01592761
01593161
01594069
01594101
01594241
01594825
01595277
01596201
01596809
01596903
01597121
01597201
01597397
01597505
01597691
01597777
01598081
01598209
01598593
01598763
01598777
01599021
01599061
01599393
01599721
01600001
01600781
01600865
01601026
01601226
01601577
01602241
01602837
01603501
01604609
01606017
01606247
01606401
01606433
01606835
01607921
01608301
01608401
01608977
01609377
01609573
01609751
01610241
01610393
01611041
01611441
01612161
01612801
01612841
01612961
01613121
01613289
01614701
01614865
01615281
01615971
01616097
01616257
01616901
01616929
01617441
01617501
01617557
01617761
01618023
01618337
01618855
01619361
01619401
01619866
01620252
01620801
01621165
01621501
01621676
01622849
01623041
01624001
01624813
01625301
01625561
01626241
01626801
01626881
01627151
01627201
01627251
01627371
01627952
01628001
01628129
01628196
01630121
01630721
01630785
01631349
01632329
01632401
01632516
01632721
01632817
01632819
01633163
01633601
01633777
01634041
01635401
01635977
01636161
01636193
01636197
01636801
01637365
01637401
01637673
01638121
01638221
01638938
01639201
01639265
01639409
01639446
01640041
01640835
01641201
01641281
01641521
01641793
01642241
01642433
01642761
01642781
01643139
01643629
01643659
01643733
01643777
01643841
01644880
01645185
01645361
01645433
01645553
01645626
01646221
01646345
01646401
01646593
01646601
01646991
01647201
01647305
01647329
01647361
01647517
01647701
01648001
01648041
01649601
01649921
01649971
01650189
01650241
01650301
01650506
01650801
01651025
01651401
01652553
01652561
01653201
01653295
01653399
01653761
01653985
01654693
01655025
01655041
01656753
01657089
01657201
01657601
01657666
01658801
01659393
01659785
01660059
01661161
01661178
01662337
01662731
01663201
01663361
01663801
01663835
01664001
01664321
01664801
01665613
01665697
01665761
01666237
01666853
01667401
01668401
01669217
01669441
01669748
01669769
01669921
01671137
01671241
01671313
01673441
01674001
01674169
01675001
01675201
01675298
01675601
01675984
01676141
01677121
01677441
01677553
01677721
01677953
01678401
01678601
01678971
01679041
01679633
01680209
01681101
01681251
01681489
01682049
01682171
01683201
01683651
01684361
01684581
01684585
01684661
01685301
01685881
01686221
01686461
01687041
01687297
01687505
01687897
01688905
01692161
01692521
01692904
01693041
01693441
01693569
01694104
01694176
01694301
01694721
01694846
01695105
01695641
01695701
01695873
01695961
01696001
01696203
01696305
01696465
01696681
01696833
01697717
01698027
01698281
01699201
01699306
01700931
01701311
01701769
01701901
01702151
01702241
01703018
01703271
01703321
01704337
01704945
01705377
01705831
01706311
01706581
01706721
01708305
01708595
01708625
01709037
01709441
01709601
01709957
01710593
01712001
01712241
01712449
01712641
01713777
01713793
01713927
01714248
01715261
01715337
01715529
01716481
01716489
01716737
01716961
01717441
01718401
01720065
01720241
01720501
01720801
01720926
01720977
01721041
01721453
01721601
01723137
01724161
01724163
01726051
01726089
01726425
01726901
01727301
01727449
01727825
01728001
01728471
01728641
01729101
01729121
01730201
01730941
01731153
01731431
01731929
01732001
01732461
01732501
01732716
01732841
01733541
01734817
01734921
01735421
01735617
01735681
01735805
01736209
01736449
01736833
01736961
01737201
01737501
01737969
01739009
01739501
01739841
01739921
01740681
01740883
01741057
01741471
01741474
01741676
01742393
01742561
01743967
01744141
01745001
01745041
01745289
01745361
01746305
01747521
01748905
01749206
01749249
01749337
01749761
01749881
01749911
01750001
01750167
01750337
01750691
01750693
01751009
01751041
01751591
01752001
01752321
01752581
01752801
01753071
01754161
01754355
01754561
01754941
01755091
01756001
01756301
01756326
01756803
01757151
01757153
01757651
01757921
01758081
01758241
01758453
01758673
01758801
01758937
01759361
01759985
01760001
01760065
01760481
01760785
01761161
01761209
01762421
01763401
01763451
01763531
01763721
01763841
01764001
01764281
01764769
01765001
01765441
01765761
01766001
01766413
01766615
01767521
01767681
01767881
01768673
01768801
01769201
01770361
01770417
01771201
01772301
01772417
01773501
01773961
01774161
01774251
01774361
01775037
01775909
01776257
01776573
01777501
01778401
01778426
01778817
01779001
01780001
01780353
01780936
01781176
01781526
01781601
01781677
01781921
01782001
01782921
01783227
01783649
01783751
01785261
01785601
01786417
01786746
01787089
01787621
01788041
01788047
01788529
01789241
01789261
01789313
01789441
01790001
01790281
01790339
01790641
01790721
01791121
01791841
01791905
01792081
01792641
01792801
01793313
01793961
01794305
01794677
01794801
01794969
01795341
01795661
01795685
01797401
01797710
01797871
01798085
01798166
01798401
01799121
01799151
01800041
01800681
01800769
01800801
01800961
01802331
01802889
01803361
01803505
01804001
01805569
01805812
01805889
01805953
01806401
01807081
01808025
01809089
01809999
01810376
01810433
01810601
01811201
01812993
01813641
01814241
01814271
01814401
01815273
01815349
01815731
01815777
01816065
01816251
01816641
01816961
01817601
01817761
01817801
01817959
01818001
01818717
01818935
01819559
01820801
01821441
01822376
01822785
01823201
01824001
01824801
01825001
01825141
01825513
01825729
01825831
01826183
01827305
01827367
01827641
01827651
01827691
01827801
01828057
01828189
01828337
01828577
01828629
01828721
01829073
01829121
01829201
01829501
01829761
01830401
01831186
01832851
01832901
01833081
01833761
01833821
01834417
01835571
01836001
01836385
01836721
01837201
01837231
01837841
01838161
01839441
01839485
01839681
01839866
01842241
01843201
01843937
01843997
01844325
01844481
01844727
01844737
01845761
01846145
01846581
01846761
01847001
01847077
01847226
01847265
01847713
01848181
01848281
01848521
01848833
01849411
01849561
01849597
01849601
01850625
01851137
01851245
01851741
01853217
01853291
01853761
01854345
01854449
01854553
01854721
01855569
01856001
01856465
01856641
01856665
01857281
01857385
01858561
01858657
01858893
01859201
01859689
01859945
01860097
01860641
01861011
01861105
01861191
01861745
01862145
01862381
01863469
01863681
01865441
01865896
01865961
01869569
01869661
01869751
01871353
01871361
01871525
01872001
01872633
01872641
01872657
01873001
01873793
01874561
01874689
01875001
01875649
01875713
01876327
01876481
01876801
01876865
01876955
01877737
01877761
01878001
01878641
01880001
01881665
01882151
01882701
01882927
01883373
01883597
01884548
01884779
01884781
01885424
01885825
01886401
01886929
01887581
01888001
01888177
01888596
01888641
01889168
01889281
01889457
01889985
01890209
01890561
01890641
01891393
01891601
01892501
01892851
01892865
01893121
01894139
01894401
01895681
01895961
01896297
01896711
01896721
01896931
01896961
01897041
01897601
01898401
01899041
01899361
01899393
01899513
01900001
01900289
01900651
01901441
01902081
01902126
01902331
01902401
01902593
01902721
01903001
01903025
01903029
01904081
01905849
01906251
01906269
01907201
01907441
01907585
01908419
01908977
01909001
01909209
01909575
01909633
01909793
01910001
01910131
01910225
01910435
01910457
01910821
01910878
01911201
01911325
01911553
01912501
01912877
01912897
01913121
01913233
01913585
01913601
01913781
01914369
01914601
01914641
01915001
01915291
01916169
01917001
01917441
01917953
01918145
01918401
01918657
01919613
01919983
01920161
01920558
01920761
01920933
01921121
01921301
01921601
01922001
01922401
01922561
01922797
01923201
01923761
01924941
01924961
01925845
01926331
01926401
01926645
01926717
01927169
01927411
01927489
01927793
01927937
01928845
01928977
01928981
01930241
01930369
01930401
01930835
01930881
01931137
01931597
01931681
01932501
01932801
01932951
01933881
01935201
01935369
01935651
01936001
01936101
01936331
01936721
01937281
01937921
01938241
01938251
01939201
01939443
01939657
01939713
01942101
01942121
01942209
01942305
01943221
01944193
01944865
01945367
01945545
01945601
01945697
01945741
01945953
01946369
01946969
01947131
01947201
01948129
01948161
01948361
01948501
01948769
01948801
01949953
01950047
01952401
01952961
01953665
01953825
01953929
01954021
01955201
01955321
01955633
01955971
01957181
01957251
01957761
01957889
01958121
01959557
01959601
01959833
01961361
01961751
01961921
01962241
01962361
01962441
01963089
01963181
01963431
01963761
01964289
01964701
01965473
01966541
01966601
01966941
01967105
01967641
01967745
01967841
01968001
01968129
01968691
01968851
01969409
01970490
01971561
01972181
01972425
01973001
01973953
01974321
01974401
01975033
01975101
01975851
01976001
01977041
01977263
01977345
01977376
01977393
01977576
01977776
01977937
01978385
01978625
01978769
01978881
01979033
01979353
01980025
01980201
01980273
01980289
01980329
01980417
01981185
01981217
01981441
01981501
01982001
01982489
01982701
01984001
01984143
01984229
01984506
01985001
01985149
01986033
01986121
01986185
01986417
01986705
01987201
01987305
01987501
01987717
01987769
01988751
01988833
01989126
01989521
01990401
01990641
01990951
01991001
01991681
01991966
01992257
01992421
01992724
01993671
01993851
01995001
01995629
01995841
01995873
01997557
01997761
01997933
01998353
01999145
01999361
02000001
02000201
02000251
02000301
02000993
02001665
02001793
02001801
02001825
02002001
02002361
02003913
02004187
02004376
02004677
02005249
02006001
02006257
02006465
02006881
02007073
02007171
02007241
02007926
02008113
02008201
02008961
02009137
02009281
02009675
02009749
02010081
02010113
02010353
02010689
02010801
02011921
02012326
02013281
02013361
02014501
02014769
02015361
02015489
02015809
02016721
02016993
02017151
02017191
02017511
02017601
02018181
02018401
02018945
02019069
02019285
02019309
02019497
02019601
02019937
02019960
02020763
02021601
02021721
02022164
02022501
02022641
02023425
02024271
02025256
02025281
02026001
02026036
02026601
02026811
02026921
02028001
02028081
02028161
02028261
02029377
02029751
02029981
02030877
02031289
02031361
02032001
02032601
02032621
02032641
02033201
02033893
02034185
02034657
02034689
02035201
02035521
02036201
02036481
02038001
02038276
02039001
02039301
02039457
02040001
02040417
02040577
02040593
02040881
02041561
02041601
02042002
02042933
02043201
02043501
02043945
02044381
02044441
02044801
02045217
02045401
02046049
02046177
02046977
02047283
02048001
02048354
02049133
02049265
02049301
02049601
02049793
02050193
02050831
02051201
02051351
02051361
02052241
02054145
02054241
02054401
02056523
02056573
02056667
02057153
02057401
02057447
02057561
02058201
02058241
02058641
02059021
02059481
02059971
02060097
02060479
02060541
02060801
02060961
02060993
02061281
02061825
02062241
02064161
02065161
02066561
02067201
02067309
02067457
02067645
02067821
02068101
02068451
02068737
02069121
02069249
02069529
02069781
02069889
02070233
02070801
02070913
02070991
02071505
02071681
02074213
02074561
02075001
02075291
02075901
02076401
02076417
02076496
02077241
02077281
02077997
02078001
02078337
02078449
02079201
02080001
02080723
02080801
02081001
02081511
02081901
02082232
02082497
02082561
02082851
02084001
02084551
02084705
02085889
02086913
02087401
02087501
02087617
02087626
02087691
02088129
02088865
02089121
02090041
02090681
02090721
02091971
02092376
02092545
02092801
02093049
02093401
02093825
02094617
02094657
02095488
02096033
02096181
02096281
02096641
02097465
02097473
02097666
02098053
02098425
02098961
02099889
02100801
02101409
02102101
02102315
02102353
02102913
02103721
02104321
02104751
02104801
02104885
02106049
02106401
02106801
02106817
02106849
02106961
02107609
02107873
02108096
02108801
02108873
02109201
02109241
02109521
02110193
02110319
02110337
02110441
02110771
02110977
02111361
02111841
02112716
02112977
02113151
02113921
02114497
02115601
02116017
02116865
02117121
02117633
02117713
02118561
02119361
02119889
02120337
02120345
02120401
02120837
02120961
02121126
02121176
02121213
02121409
02121841
02121857
02122145
02122401
02122572
02122589
02122881
02123041
02123185
02123251
02123345
02123601
02123897
02123945
02124281
02124801
02124861
02124977
02125591
02126441
02127041
02128126
02128201
02128225
02128271
02128533
02129001
02129049
02129836
02130431
02130651
02130689
02131153
02132001
02132285
02132933
02133089
02134369
02134765
02135921
02136511
02137001
02138681
02139137
02139281
02140801
02141317
02141441
02141601
02142001
02142021
02142581
02142671
02142753
02143969
02144161
02145281
02146001
02148097
02148126
02148305
02148381
02148457
02148801
02149219
02150001
02150046
02150401
02150817
02150833
02151025
02151049
02151066
02151801
02152101
02152321
02153073
02153461
02153849
02154065
02154273
02155137
02155640
02155705
02156041
02156161
02157401
02157686
02158209
02158584
02159941
02160775
02160821
02160871
02163373
02164001
02164295
02165101
02165665
02166785
02167041
02167131
02167301
02167601
02168001
02168145
02168577
02169161
02169401
02169661
02169729
02170385
02170401
02171565
02171681
02171713
02171789
02171823
02172171
02172407
02172417
02172745
02172763
02173121
02173301
02174435
02174441
02174657
02175041
02176039
02176305
02176321
02177001
02177153
02177281
02177985
02178625
02179321
02179395
02179604
02180609
02180965
02181321
02181889
02182201
02182433
02182801
02183681
02184001
02184641
02184801
02185945
02186001
02186361
02186801
02186849
02187201
02187581
02188521
02188701
02188801
02189921
02190481
02190721
02191361
02191457
02191475
02191865
02192321
02193847
02193889
02194321
02195857
02196139
02196787
02197761
02198881
02199361
02199649
02199937
02200257
02202169
02202451
02203061
02203241
02204001
02204161
02204443
02204481
02205201
02205910
02206075
02207617
02207792
02208001
02208133
02209281
02209376
02209927
02210001
02210191
02210321
02210817
02211251
02211521
02212233
02212289
02212303
02213001
02213453
02213535
02213661
02213761
02213841
02214401
02214605
02215061
02215105
02215497
02215849
02215906
02216065
02216193
02216621
02216921
02217057
02217121
02217201
02217741
02219241
02219281
02219291
02219681
02220001
02220105
02220236
02220376
02221101
02221409
02221453
02221777
02222113
02222281
02222673
02222707
02222708
02222721
02223041
02223169
02224601
02224641
02225551
02225601
02225761
02225953
02226165
02227857
02228431
02228513
02228529
02228721
02229101
02229761
02230001
02230141
02230161
02230256
02230289
02230401
02231041
02231155
02232001
02232065
02232329
02236049
02236161
02237441
02238361
02238461
02238593
02238601
02239993
02240001
02240201
02240257
02240577
02241345
02241821
02242305
02242401
02242871
02243201
02243271
02243505
02243681
02243793
02244177
02244401
02246251
02247001
02247145
02247361
02248001
02248305
02248429
02248801
02249041
02249289
02249601
02250339
02250961
02251065
02251101
02251201
02251821
02251871
02252121
02252201
02253041
02253121
02253153
02254069
02254126
02255127
02255561
02255905
02256641
02257241
02257501
02257629
02257701
02257821
02259153
02259213
02259672
02259681
02260609
02260905
02261001
02261071
02261169
02261281
02261301
02261441
02261601
02261665
02262021
02262081
02262281
02262283
02262904
02263041
02264321
02264501
02264797
02265281
02265601
02266081
02266211
02266601
02267265
02267537
02267649
02268256
02268351
02268801
02269201
02269751
02269793
02270049
02270101
02270209
02270649
02271549
02271559
02272001
02272089
02273281
02273953
02274529
02274561
02275601
02275773
02276001
02276629
02276641
02277341
02278049
02278373
02280426
02280721
02280909
02281361
02281626
02281796
02281857
02282001
02282369
02283001
02283073
02283105
02283381
02283401
02283624
02283721
02283901
02284401
02284501
02284561
02284589
02284801
02285281
02285441
02285921
02286041
02286209
02286277
02287265
02287427
02287841
02288401
02288481
02288705
02289001
02289281
02289569
02289685
02290529
02290945
02291841
02292481
02293001
02293249
02293326
02293552
02294211
02294873
02295621
02295901
02296321
02296785
02297301
02299866
02300265
02301101
02301185
02301321
02301441
02301681
02302041
02302309
02303553
02303601
02304593
02306001
02306751
02307201
02307381
02307401
02307841
02307901
02309108
02309435
02310001
02310401
02311057
02311377
02311401
02311681
02311921
02312131
02312161
02312539
02312609
02313681
02313698
02314001
02314773
02315245
02315401
02316001
02317085
02317321
02317581
02318033
02318081
02318481
02319711
02320001
02320177
02320425
02320433
02320491
02320911
02321553
02322241
02322561
02322817
02323211
02323217
02323361
02324129
02324913
02325001
02326601
02326661
02326907
02328177
02328801
02329091
02329281
02329601
02329911
02330801
02331208
02331436
02331655
02331981
02332931
02334209
02334369
02334481
02334801
02336302
02336641
02336897
02337425
02337901
02338097
02338113
02338167
02338321
02338521
02338561
02338745
02338997
02339193
02339323
02339701
02340001
02341401
02341521
02341633
02342161
02342301
02342333
02342401
02343133
02343681
02344001
02344401
02344781
02345473
02346953
02347265
02347521
02347761
02349441
02350257
02350477
02350801
02351001
02351137
02351601
02351905
02352351
02352501
02353521
02353601
02353901
02354017
02354121
02354281
02354441
02354807
02355001
02355191
02355301
02355611
02355969
02357481
02359457
02359541
02360215
02361121
02361601
02361617
02362998
02363021
02363251
02363393
02364293
02365313
02365327
02365343
02365981
02366019
02366123
02368041
02368501
02369281
02369701
02369937
02370305
02370801
02371289
02371751
02371801
02372601
02372641
02372833
02373253
02373601
02374209
02374371
02374401
02374625
02374825
02374996
02375031
02375393
02376001
02376517
02376769
02376933
02377501
02377601
02378241
02378289
02378449
02379521
02379631
02379993
02380149
02380301
02380497
02380501
02381047
02381689
02381691
02381769
02381910
02381941
02382049
02382601
02382641
02382977
02383913
02384385
02384857
02384949
02385473
02386251
02386751
02386801
02387329
02387457
02387526
02387713
02388897
02389511
02389601
02389761
02389926
02390171
02390577
02390626
02390633
02390949
02391241
02391501
02391665
02392001
02392103
02392321
02392337
02392401
02392549
02393601
02395420
02396161
02397121
02397649
02397754
02397841
02398465
02399921
02400001
02401057
02401261
02401729
02401841
02402497
02402579
02402709
02403294
02404201
02404225
02404713
02405121
02405153
02406345
02406425
02406657
02407413
02407451
02407489
02407625
02407981
02408297
02409131
02409601
02410137
02410353
02410425
02411041
02411694
02411771
02411865
02412001
02412193
02412201
02412721
02412801
02412817
02413601
02414897
02415241
02415601
02415621
02416129
02416141
02416281
02416721
02418001
02418249
02418331
02418593
02418601
02418785
02419201
02419491
02420001
02420735
02421836
02422641
02423766
02424761
02425551
02425601
02425737
02426817
02427905
02428353
02430483
02430977
02431091
02431233
02432121
02432750
02434793
02435079
02435543
02435626
02436001
02436161
02436451
02436801
02437121
02437509
02437961
02439021
02439041
02439361
02439501
02439601
02439681
02440801
02440925
02442185
02442291
02442417
02442551
02443076
02443426
02443441
02443761
02444001
02444065
02444351
02444353
02446126
02446161
02447113
02447493
02448897
02449331
02450001
02450121
02453301
02453751
02453761
02454001
02454801
02455001
02455041
02455776
02456129
02456401
02457569
02457981
02458625
02458676
02458721
02458981
02459641
02460001
02460161
02460251
02460526
02460601
02460826
02460829
02461337
02461601
02462481
02463201
02463313
02464571
02464901
02465174
02465409
02465537
02466569
02467201
02467481
02467773
02468121
02468305
02468571
02468737
02468929
02468993
02469121
02470801
02470821
02471489
02471521
02472541
02472689
02473473
02473601
02474103
02474526
02475057
02475231
02475841
02476041
02476651
02477251
02477937
02478655
02478977
02479013
02479041
02479201
02479791
02479941
02480001
02481231
02482501
02482733
02482897
02483001
02483241
02483421
02483661
02483977
02484001
02484513
02484625
02484833
02485081
02485313
02485993
02486001
02486351
02487601
02488001
02488041
02488129
02488321
02488957
02490081
02493561
02493761
02494089
02494209
02494465
02494501
02494721
02495635
02495853
02496121
02497905
02498481
02498561
02498751
02499141
02500001
02500047
02500185
02501201
02501751
02502401
02502625
02502929
02502961
02503409
02503601
02503851
02503873
02504001
02504461
02504481
02504501
02504721
02504733
02505111
02505126
02505261
02505501
02505825
02505921
02505961
02506993
02507137
02507451
02507777
02508241
02508561
02508961
02509585
02509801
02510011
02510283
02510321
02510561
02511001
02511011
02511241
02511801
02512401
02512501
02512641
02513191
02513241
02513865
02514281
02514833
02515001
02515265
02515341
02515361
02515649
02516381
02517121
02518301
02518829
02519489
02519687
02520419
02520436
02520833
02521357
02521469
02521633
02521841
02522001
02522147
02522417
02523041
02523313
02523667
02524521
02525001
02525461
02525676
02526461
02526561
02527461
02527681
02528001
02529281
02529441
02529921
02529953
02530305
02530321
02530657
02531201
02532281
02532289
02532301
02533113
02533361
02533425
02534881
02535231
02535385
02535441
02535681
02536001
02536297
02537705
02539136
02539169
02539393
02540001
02540501
02540566
02541505
02542081
02542227
02542279
02542501
02543225
02543241
02543276
02543439
02543601
02543809
02545601
02546125
02546236
02546913
02547121
02547281
02547601
02547681
02548273
02548325
02548401
02549481
02549601
02550017
02550033
02551041
02552284
02552321
02552483
02552701
02553001
02553265
02553649
02553801
02554001
02554473
02554801
02555247
02555501
02555541
02555861
02556161
02556321
02556801
02557009
02557105
02557201
02557265
02557841
02560001
02560321
02560621
02561081
02561521
02561662
02562369
02562711
02563481
02563578
02564401
02564473
02564609
02564731
02564801
02564841
02565311
02565576
02566281
02566531
02566721
02566781
02567321
02567537
02568253
02568789
02568896
02569233
02569495
02569897
02569936
02570001
02570091
02570465
02570501
02570505
02571169
02571251
02571649
02571761
02574081
02574601
02575025
02575617
02576671
02577201
02577793
02578149
02578340
02578572
02578921
02579251
02579401
02580026
02580801
02580897
02581773
02582161
02583041
02583257
02583565
02584041
02584117
02584161
02584193
02584281
02584636
02584961
02584983
02585001
02585561
02585601
02586001
02586099
02586417
02587633
02587905
02588151
02588337
02589009
02589601
02589801
02590001
02590681
02590977
02591089
02591681
02592855
02592905
02592986
02593157
02594041
02595001
02595201
02595841
02596921
02597473
02597888
02598001
02598101
02598861
02598911
02599001
02599073
02599736
02600001
02600161
02600321
02600385
02600601
02600781
02600876
02601050
02601473
02602431
02602625
02602811
02603521
02603881
02604351
02604417
02604801
02605001
02605026
02605051
02605126
02605313
02606037
02606406
02607361
02608457
02608801
02609729
02610177
02610181
02612481
02612801
02613041
02613377
02613481
02614121
02614301
02614305
02614737
02615297
02615421
02615485
02616045
02617441
02617601
02617801
02617917
02618401
02618433
02618797
02618913
02618937
02620001
02621017
02621461
02621617
02621621
02621641
02622157
02622173
02623281
02623341
02623495
02623601
02624001
02624145
02624233
02624381
02624463
02624641
02624651
02624897
02625473
02628161
02628662
02629277
02630125
02630161
02630534
02630781
02631831
02632363
02632441
02632801
02633074
02633984
02634297
02635521
02635777
02635905
02636451
02636521
02636701
02637154
02637501
02637601
02638081
02638561
02638593
02639361
02639393
02639537
02640897
02641521
02641621
02641921
02642281
02642601
02642989
02644365
02644491
02644621
02644961
02645541
02645660
02645761
02646529
02646541
02647226
02647241
02647721
02647873
02648601
02648801
02648961
02649609
02649801
02649825
02650241
02650273
02650401
02650689
02650833
02650961
02652501
02653351
02653515
02654081
02654209
02654281
02654283
02655001
02655111
02655341
02655881
02656001
02656513
02656859
02656961
02657501
02657921
02658001
02658535
02659169
02659593
02659633
02659975
02660321
02660507
02660801
02661517
02661676
02661857
02663361
02663547
02663661
02664001
02664029
02665537
02665736
02666161
02666445
02666861
02667201
02667502
02667607
02668145
02668365
02668801
02669233
02669825
02670251
02671081
02671381
02671621
02671722
02671961
02672001
02672113
02672161
02672509
02672581
02675261
02675281
02675737
02675873
02676001
02676047
02676241
02676353
02677121
02677265
02679301
02679401
02680001
02681443
02681601
02681709
02681751
02682121
02682358
02682401
02682521
02682585
02682841
02682889
02683241
02683385
02684561
02684641
02684813
02685201
02685545
02685601
02685751
02686145
02687841
02688361
02689001
02689361
02689545
02690001
02690529
02691873
02692001
02692220
02692241
02692365
02692489
02693121
02693411
02693601
02693747
02694289
02694401
02695261
02696097
02696921
02696961
02696973
02697523
02697691
02697921
02698551
02698577
02698861
02699001
02699426
02699869
02700161
02700557
02700621
02700645
02700801
02700941
02700961
02701383
02701701
02702241
02702593
02702801
02703081
02703135
02703201
02703252
02703457
02704491
02704641
02705001
02705061
02705601
02706751
02706761
02706801
02707201
02707361
02707521
02707761
02708001
02708881
02709121
02709486
02710075
02710737
02710921
02711431
02711621
02712065
02712641
02712867
02713181
02713521
02714001
02714113
02714945
02715033
02715041
02715361
02715481
02715773
02715901
02716161
02716321
02716737
02717441
02717581
02717601
02717745
02717961
02718589
02719425
02720001
02720273
02720581
02721201
02721401
02721725
02722049
02722117
02722791
02723341
02723801
02724006
02724428
02724541
02726137
02726337
02726451
02727762
02727901
02727935
02728861
02728993
02729441
02729622
02729801
02729814
02729953
02730411
02730541
02731393
02731549
02732035
02732401
02732449
02732481
02733265
02733453
02733473
02733661
02734593
02734681
02734853
02735361
02735617
02735857
02736129
02736341
02737557
02738651
02739201
02741585
02741801
02742281
02742801
02742809
02743041
02743105
02743169
02743473
02743553
02744001
02744065
02744097
02744377
02744761
02745125
02745601
02745651
02745941
02746305
02746389
02746673
02747001
02747169
02747201
02748225
02748581
02748601
02748801
02749185
02749509
02749521
02749601
02749656
02749665
02750401
02750721
02750849
02750977
02751281
02751993
02752251
02752481
02752815
02753001
02754303
02754305
02754561
02754927
02755041
02755201
02756111
02756385
02758091
02758345
02758601
02758913
02759153
02759425
02760381
02760801
02761361
02762241
02763185
02763281
02763377
02763642
02764545
02764601
02764745
02764801
02765825
02765921
02765961
02766689
02767301
02767501
02769001
02769081
02769541
02769601
02769633
02770001
02770501
02771389
02771721
02772389
02772641
02772901
02773601
02773661
02774401
02774426
02775301
02775476
02775553
02775593
02776001
02776401
02776737
02777021
02777025
02777665
02778881
02779201
02779516
02779641
02781031
02781411
02781441
02781501
02782561
02785001
02786037
02787461
02787777
02788135
02788481
02789153
02789201
02790121
02790477
02790785
02790833
02791001
02792469
02792621
02793425
02794276
02794331
02794681
02794817
02794945
02795521
02795801
02796225
02796801
02797001
02797121
02797473
02798289
02799126
02799201
02799501
02799905
02800001
02800451
02800981
02801349
02801601
02801671
02802321
02802985
02803443
02803601
02803777
02804049
02805017
02805551
02805761
02805941
02806137
02806201
02806330
02807041
02807691
02807937
02808001
02808193
02809121
02809261
02809601
02809857
02809923
02810081
02810801
02811069
02811836
02811913
02813220
02814001
02814031
02814193
02814429
02814465
02814881
02815201
02815501
02815661
02816001
02816205
02816801
02817046
02817121
02817126
02817281
02817601
02818231
02818625
02819041
02819701
02819816
02819841
02819969
02820193
02820386
02820433
02820576
02821021
02821121
02821151
02821171
02821323
02821457
02821807
02822617
02822685
02822993
02823226
02823301
02823441
02824161
02825473
02825541
02825881
02825991
02826601
02826801
02828001
02828161
02828327
02828403
02829597
02829751
02830721
02831361
02831489
02832001
02832471
02832800
02833501
02834311
02834849
02835001
02835401
02835601
02835791
02835965
02836057
02837121
02837537
02837581
02837633
02837701
02838353
02838585
02839489
02840401
02841153
02841201
02841311
02841561
02841751
02841981
02842401
02842541
02842817
02842876
02842881
02842981
02843105
02843121
02843873
02843971
02844033
02845001
02845697
02845953
02846471
02846513
02846937
02847489
02847697
02847911
02848546
02849505
02849601
02849926
02850601
02850901
02851201
02851329
02852201
02852361
02852621
02853141
02853197
02853751
02853761
02854101
02854401
02854551
02854621
02854801
02856161
02856201
02856305
02858237
02858241
02858321
02858791
02858841
02859217
02859441
02860001
02860161
02861281
02862525
02863101
02864033
02864245
02864409
02865043
02865089
02866413
02866457
02866945
02868001
02868101
02868211
02869121
02869201
02871251
02871954
02872001
02873281
02873289
02873601
02873761
02874241
02874417
02874451
02875962
02876641
02877013
02878633
02879021
02879361
02879491
02879761
02880001
02881413
02882251
02882753
02882825
02883409
02883841
02884161
02884451
02885041
02885201
02885281
02887585
02887793
02888801
02888961
02889345
02890081
02890934
02891353
02891417
02891685
02892001
02892104
02892481
02892761
02892801
02894073
02895361
02896089
02896641
02897673
02897921
02899329
02900681
02901617
02902021
02902321
02903361
02903857
02904161
02904177
02904813
02906097
02906527
02906985
02907649
02908121
02908161
02908641
02908781
02909262
02909633
02910401
02910977
02913165
02913281
02914401
02915041
02916321
02916537
02916553
02917241
02917337
02917641
02917761
02918289
02919025
02919589
02919601
02920321
02920557
02921281
02921427
02922561
02923097
02923141
02923381
02923531
02923657
02923781
02923967
02924609
02924943
02925329
02925525
02925553
02925615
02926011
02926433
02926501
02926911
02927757
02927905
02928001
02928865
02929681
02929981
02930001
02930561
02930813
02930866
02930881
02931809
02931881
02932081
02932801
02933401
02933806
02934001
02934401
02935041
02937412
02937857
02938001
02938121
02939451
02939461
02939801
02940121
02940929
02941370
02941441
02942141
02943096
02943121
02943151
02943297
02943665
02943825
02944001
02944181
02944581
02944626
02945021
02945601
02946206
02946401
02947569
02947969
02948073
02948313
02948361
02948401
02948673
02949225
02949377
02949513
02949761
02949826
02950001
02950261
02950401
02950449
02950561
02952721
02955153
02955201
02955667
02955781
02955841
02955873
02956459
02956481
02956801
02957237
02958061
02959121
02959361
02960001
02960121
02960676
02960697
02961281
02961665
02961761
02962001
02962321
02963621
02965649
02965761
02966287
02966305
02967001
02967905
02967985
02968321
02969201
02969601
02969749
02970241
02970809
02972217
02973089
02973399
02973431
02974083
02975283
02976481
02977121
02977441
02977641
02977916
02979381
02979906
02980417
02980653
02980657
02980865
02981201
02981285
02981305
02981457
02983021
02983681
02983897
02984525
02984833
02985511
02986422
02986849
02987401
02987425
02987745
02989241
02989449
02990081
02991071
02991281
02991311
02992001
02993249
02993991
02994177
02994401
02994491
02995201
02995713
02996701
02997001
02997341
02997401
02997921
02998251
02998849
02999091
02999105
02999393
02999536
03000001
03002241
03002331
03002753
03002871
03003161
03003393
03003801
03004001
03004251
03004985
03005447
03005671
03005876
03005951
03006353
03006593
03007501
03008268
03008561
03009009
03009191
03010211
03010225
03010601
03010671
03010977
03011131
03011921
03013041
03013121
03013377
03013501
03013601
03014081
03014721
03014761
03015855
03016001
03016385
03016897
03016909
03017405
03017431
03017937
03018241
03018657
03019241
03020176
03020401
03021001
03021121
03021571
03021761
03022075
03022241
03022476
03022617
03022849
03024753
03025889
03026033
03026337
03026361
03026421
03026551
03026817
03027265
03028801
03029101
03030501
03030721
03030785
03031657
03031665
03032001
03032389
03032453
03033441
03033601
03033951
03034533
03034933
03035101
03035689
03036129
03036161
03036801
03037121
03038001
03038303
03038721
03040001
03041201
03041721
03041972
03043761
03044001
03044321
03044745
03044913
03044961
03045001
03046101
03046641
03046713
03047169
03047241
03047501
03048001
03048327
03048473
03048521
03048801
03049633
03050241
03050421
03050961
03051300
03053201
03053347
03053473
03054081
03054101
03054849
03055145
03055425
03055771
03056049
03056905
03057153
03057781
03059001
03059011
03059761
03059951
03060801
03060857
03060961
03060977
03061046
03062001
03064769
03064822
03064866
03064955
03065933
03067201
03067217
03068609
03068641
03068721
03069761
03069776
03070721
03071027
03071348
03071553
03071681
03071766
03072001
03072881
03073249
03073557
03073793
03074761
03074801
03075001
03075106
03075601
03076011
03076103
03076171
03078433
03078726
03079041
03079449
03079501
03079851
03080001
03080641
03080830
03081281
03081601
03081633
03081857
03082881
03083001
03083021
03083954
03084061
03084118
03084956
03085126
03085161
03085945
03085981
03086241
03086721
03086737
03087396
03087577
03088777
03091201
03091521
03091609
03091613
03091801
03092161
03092861
03092945
03093121
03093251
03093401
03093601
03093841
03094441
03094669
03094777
03095121
03095201
03095551
03096253
03096411
03096456
03097761
03097841
03097865
03098013
03098337
03098341
03098753
03098961
03099593
03099861
03100001
03100513
03100705
03101426
03101447
03101697
03101779
03103053
03103061
03103281
03103329
03104351
03104521
03104641
03106561
03106591
03107351
03107965
03108481
03110000
03110201
03110529
03110601
03110618
03110771
03111681
03111865
03112081
03112641
03112801
03115393
03115441
03115669
03116849
03117722
03118401
03119051
03119121
03121061
03121601
03121751
03121871
03121881
03121958
03122209
03123841
03124129
03124481
03124649
03125241
03126401
03126445
03127481
03127853
03128321
03128361
03128749
03129001
03129479
03129601
03129876
03130651
03131121
03131521
03131665
03131801
03132033
03132141
03132757
03133857
03134001
03135489
03135557
03135665
03136001
03136721
03137297
03138585
03139001
03139393
03139489
03139788
03139841
03140276
03140425
03140669
03140833
03141201
03141371
03141395
03141697
03142001
03142401
03142581
03142665
03142975
03143351
03144337
03144541
03144823
03144961
03145126
03145245
03146001
03147201
03147841
03148351
03148721
03149185
03149201
03149481
03150883
03150985
03151322
03151873
03152061
03152569
03152641
03153401
03153829
03155271
03156321
03156697
03157511
03157839
03158551
03158651
03159187
03160499
03160721
03160801
03161601
03162267
03162331
03162353
03162381
03162429
03162441
03162661
03164417
03164505
03164801
03164866
03165145
03165201
03165581
03165585
03165651
03165721
03165953
03166001
03166465
03166901
03167001
03167249
03167996
03168001
03169249
03169441
03169521
03169721
03170461
03170971
03171329
03172849
03172865
03172961
03172981
03173121
03174193
03174433
03174625
03175009
03175481
03176065
03177025
03177449
03178033
03178763
03178785
03179201
03179265
03179477
03179761
03179801
03179920
03180001
03180376
03180941
03181048
03181371
03181401
03181821
03181835
03182081
03182144
03182815
03183041
03183091
03183121
03184561
03185001
03185281
03185601
03186377
03186577
03186705
03187505
03187601
03187717
03188001
03188065
03188197
03188353
03188381
03188476
03188695
03188780
03190209
03191121
03192001
03192555
03192801
03193921
03194281
03194452
03195261
03195521
03195601
03195801
03196161
03196301
03196461
03196737
03196741
03197119
03197665
03197971
03198201
03198261
03198399
03198409
03198631
03198881
03199233
03200001
03200106
03200185
03201409
03202201
03202601
03203199
03204093
03204201
03204257
03204321
03204993
03206001
03206401
03207001
03207421
03208193
03208321
03208325
03208391
03208661
03209417
03209425
03209761
03209851
03211621
03212401
03212626
03213430
03213825
03213841
03213921
03214113
03214199
03214401
03214451
03214525
03214753
03217121
03217153
03217729
03218201
03218369
03218433
03218561
03218625
03219201
03219641
03221121
03221531
03221541
03221781
03222321
03223791
03224993
03225241
03225377
03226201
03226701
03227401
03227905
03229741
03229784
03230401
03230649
03231873
03232321
03232737
03234505
03235921
03235971
03236201
03236861
03236941
03237249
03237303
03237905
03238201
03238207
03239566
03240021
03240139
03240785
03241185
03241361
03241601
03241691
03242201
03242731
03243521
03244545
03244811
03245121
03245521
03246553
03246561
03246757
03248831
03249609
03249649
03249997
03250001
03251001
03251201
03251409
03251417
03251701
03251793
03251969
03252001
03252609
03252729
03253072
03253121
03253131
03253201
03253601
03253626
03253787
03253801
03254721
03255233
03255292
03255501
03256609
03257841
03258789
03258817
03259380
03259625
03259793
03259937
03259967
03260393
03260545
03260785
03260939
03261505
03261601
03261881
03262001
03262017
03262081
03262177
03262897
03263065
03263241
03263473
03263489
03264001
03264161
03264401
03265241
03265426
03265771
03266053
03266631
03267201
03267326
03267841
03268751
03268945
03269121
03269651
03269921
03270001
03270145
03270401
03270433
03271681
03271821
03271833
03272281
03272361
03272721
03273601
03273921
03274241
03275001
03275171
03275521
03275957
03276001
03276169
03276577
03276777
03276801
03277201
03278021
03278081
03278589
03278665
03278761
03279197
03279877
03280897
03281077
03281685
03282285
03282401
03282433
03282561
03283219
03284001
03284017
03284901
03284931
03285191
03286073
03286537
03286601
03287124
03287985
03288001
03288331
03289551
03290541
03291265
03291521
03291633
03291921
03292073
03292501
03292593
03292751
03292941
03293057
03293185
03293441
03293901
03294301
03294481
03294531
03294721
03295046
03296001
03296501
03297041
03297841
03298693
03299041
03300801
03300865
03301001
03302421
03302435
03303529
03304801
03304825
03304961
03305089
03305601
03305756
03306601
03306751
03307211
03307497
03308627
03308801
03309953
03310001
03310241
03310401
03310831
03310881
03311601
03312001
03312801
03313441
03314201
03314283
03314801
03314881
03314921
03315141
03315305
03315736
03315931
03316561
03316582
03316663
03316801
03316889
03317386
03317409
03317929
03318481
03319041
03319151
03319241
03320577
03320891
03321101
03321601
03321776
03321930
03322429
03322501
03322703
03323001
03323441
03324361
03324541
03324801
03325021
03326993
03327617
03328001
03328441
03329457
03329673
03330001
03330033
03330393
03330561
03330721
03330769
03330911
03331681
03332929
03333421
03333701
03334233
03334401
03334481
03334581
03334951
03335581
03335681
03335709
03336001
03336851
03337361
03337409
03337516
03338241
03338481
03339361
03339411
03340529
03340545
03340801
03341441
03342001
03343601
03343665
03343745
03343761
03344811
03345471
03345921
03346201
03346241
03346433
03346481
03347251
03347361
03347649
03348711
03349121
03349271
03349313
03350225
03350561
03351700
03352321
03352501
03353041
03353189
03354000
03354305
03354369
03354401
03354721
03355205
03355277
03355393
03357121
03357845
03358081
03358161
03358201
03359501
03359841
03359881
03359993
03360196
03360337
03360377
03360441
03360801
03361251
03361337
03362001
03362337
03362481
03363361
03363597
03363777
03364201
03364257
03366181
03366216
03366361
03366873
03366936
03367076
03367201
03368481
03368521
03369601
03369709
03369721
03369759
03370497
03371051
03371553
03371555
03371781
03371801
03372027
03372881
03373185
03373809
03373841
03374081
03374211
03374543
03375001
03375761
03375873
03376001
03376501
03376551
03376879
03376951
03377089
03377251
03377533
03377823
03378201
03378601
03378791
03378929
03379201
03379401
03379441
03379521
03379561
03380121
03380153
03380561
03380945
03381589
03381809
03382081
03382241
03382401
03382721
03383967
03384161
03384331
03384961
03385001
03385009
03385121
03385441
03385601
03386497
03386591
03386601
03387201
03387785
03387985
03388161
03388433
03388673
03388689
03389429
03389592
03389701
03390081
03390161
03391041
03392276
03392761
03393001
03393921
03394417
03395185
03395261
03396001
03396641
03396921
03397501
03397551
03397611
03397659
03397889
03399201
03400001
03400261
03400429
03400493
03400641
03400701
03400829
03401505
03401921
03402501
03402561
03402721
03402921
03403101
03403457
03403961
03404089
03404609
03404633
03404673
03404801
03405393
03405857
03406017
03406721
03407377
03407481
03407873
03408345
03408553
03408741
03408833
03408961
03410093
03411201
03411666
03412001
03412217
03412848
03412881
03413561
03414241
03414921
03415401
03416501
03416805
03418201
03418241
03418551
03419321
03419521
03419745
03420141
03420445
03420601
03421201
03421281
03421501
03421553
03422849
03423381
03424069
03424201
03424283
03425001
03425081
03425341
03425409
03425937
03426386
03426721
03426801
03426876
03428201
03428609
03428833
03428851
03430081
03430273
03430289
03430661
03431381
03431661
03431985
03433935
03434301
03434753
03434769
03435937
03435991
03436545
03436921
03437347
03437501
03437565
03438287
03439049
03439993
03440641
03440769
03440867
03441096
03441201
03441665
03442319
03442401
03442696
03443441
03443901
03443961
03444897
03445601
03445829
03446221
03446457
03446741
03447505
03448001
03448021
03449036
03449221
03451161
03451201
03451361
03452231
03452381
03453441
03454261
03455449
03456001
03456169
03456237
03456941
03457025
03457155
03457239
03457518
03457801
03457929
03457941
03458461
03458545
03458657
03459401
03459473
03459551
03460177
03460801
03461126
03461251
03461569
03461641
03461651
03461697
03462401
03462695
03463001
03463005
03463411
03463505
03463699
03464086
03464329
03464601
03464711
03464801
03466433
03467305
03467457
03468161
03468801
03469181
03469221
03469241
03469274
03470081
03470201
03470761
03470961
03472401
03472481
03472513
03473601
03474133
03474751
03475276
03476061
03476209
03476213
03477537
03479541
03479721
03480081
03480321
03481001
03481121
03483092
03483321
03483411
03483681
03484081
03485061
03485081
03485091
03485201
03485585
03485601
03486341
03486529
03486553
03486721
03487101
03487717
03489385
03490001
03490119
03490681
03490981
03491861
03491905
03492126
03492657
03493041
03493941
03494401
03494893
03495185
03495881
03496001
03497217
03497601
03497612
03497825
03498305
03498401
03498585
03498721
03498777
03498881
03499251
03499309
03499413
03499689
03500001
03500241
03501241
03502168
03502611
03502751
03503241
03503501
03503751
03503809
03504049
03504793
03504849
03505001
03505703
03505957
03506401
03506729
03507041
03507201
03507273
03507577
03508225
03509497
03510161
03510545
03510961
03511273
03511809
03511937
03512001
03512201
03512501
03512513
03513485
03513601
03513865
03514103
03514277
03514457
03514861
03514977
03515621
03515777
03516705
03517001
03517106
03517569
03518081
03518369
03518465
03518481
03518657
03518769
03519001
03520001
03520287
03520769
03521145
03521601
03521725
03522009
03522433
03522961
03523257
03523361
03523751
03524501
03524873
03525001
03525156
03525217
03525377
03526033
03526081
03526401
03526489
03526913
03528257
03528401
03529251
03529801
03530001
03530937
03531041
03531608
03532139
03532161
03532371
03533101
03533681
03534001
03534225
03534505
03535001
03535705
03536161
03536481
03536705
03536897
03537345
03538041
03538657
03539041
03539101
03539481
03539895
03540082
03540221
03540281
03540353
03540489
03540553
03540569
03540711
03540777
03540897
03541361
03541989
03544097
03544716
03544769
03545241
03545471
03545841
03545985
03546001
03546537
03546851
03546876
03546881
03546901
03547153
03547521
03548001
03549201
03549281
03550103
03550226
03550376
03550641
03550801
03550977
03552129
03552643
03552876
03553001
03553321
03555585
03555617
03555665
03555761
03556071
03556072
03556256
03556701
03556737
03556856
03557017
03557361
03557465
03557527
03558401
03558721
03559201
03559217
03559351
03559721
03560259
03560277
03560721
03561249
03562001
03563679
03564561
03564601
03565211
03565441
03565505
03566134
03566401
03566851
03566857
03568811
03569451
03569921
03570689
03571241
03571393
03573377
03573601
03574041
03575361
03575505
03575841
03576201
03577409
03577471
03577473
03577601
03578161
03578601
03578669
03578751
03580307
03581061
03581897
03581905
03582081
03582881
03583501
03583873
03584101
03584529
03585281
03585549
03585601
03585726
03586561
03587033
03587137
03587201
03588119
03588741
03588961
03589106
03589377
03589391
03589631
03589793
03590097
03590365
03590497
03590929
03591681
03592281
03592457
03593076
03593285
03593297
03594261
03594341
03594561
03594601
03595009
03595801
03596881
03597061
03597093
03597669
03597729
03597869
03598027
03598209
03598465
03599361
03599489
03599713
03600001
03600321
03600401
03600551
03600686
03601201
03601261
03601825
03602001
03602465
03603006
03603201
03603262
03603819
03603825
03604193
03604865
03605273
03605761
03606189
03607041
03607201
03607523
03607841
03608101
03608441
03608449
03609089
03609601
03609975
03610090
03610676
03611001
03611393
03611521
03612058
03612321
03612541
03612951
03614241
03615709
03615857
03616001
03616439
03616489
03616561
03618001
03618209
03618331
03618755
03619001
03619121
03619185
03619841
03620081
03620369
03620401
03621121
03621741
03621889
03622061
03622145
03622201
03623610
03624077
03624801
03624806
03624931
03624962
03625441
03626257
03626497
03626841
03627201
03627401
03627446
03628801
03629057
03629465
03629549
03629553
03629701
03629781
03630353
03630401
03631541
03631753
03632101
03632181
03632379
03632385
03632501
03632665
03632701
03633953
03634203
03634401
03634453
03634657
03634945
03636369
03636721
03636837
03638289
03639041
03639457
03639841
03640001
03640081
03640161
03640321
03641376
03641953
03641971
03642621
03643441
03643507
03643745
03644681
03644861
03645241
03645473
03645825
03645953
03646651
03646721
03646793
03646801
03646977
03647411
03648001
03648331
03648471
03649345
03649365
03649593
03650001
03650321
03650785
03650921
03650961
03651177
03651339
03651501
03651825
03652101
03652449
03652741
03652905
03652991
03653440
03653809
03654961
03655041
03655419
03656731
03657124
03657541
03657801
03657953
03658885
03659137
03660361
03660897
03661401
03661741
03662031
03662193
03662593
03662745
03663169
03664107
03664897
03665153
03665258
03665345
03665405
03665537
03665551
03665571
03666561
03666601
03666776
03667181
03667201
03667513
03668065
03668081
03668481
03669121
03669177
03669326
03669521
03669623
03670458
03670461
03671001
03671361
03671401
03671667
03672001
03672521
03673481
03673601
03673745
03674929
03676266
03676457
03676651
03677291
03677741
03678289
03678401
03678477
03678841
03679001
03679265
03679951
03680001
03680141
03680336
03680726
03681089
03681153
03681281
03681713
03682233
03682809
03682898
03683211
03684641
03684737
03685041
03685121
03685665
03686993
03687041
03688165
03688711
03688788
03690161
03690591
03691593
03691789
03691991
03692001
03692621
03692701
03692791
03692801
03693563
03694001
03694319
03694481
03694701
03695201
03695601
03696661
03696897
03697009
03697481
03697701
03697969
03698629
03698845
03699201
03699793
03699796
03699841
03700881
03701217
03701249
03701601
03701709
03701921
03702721
03702801
03703017
03703681
03703987
03704361
03704713
03705217
03705321
03706181
03706461
03707461
03708161
03709001
03709201
03710401
03711247
03711693
03711901
03712001
03712641
03712801
03714001
03714081
03714229
03714465
03714881
03715201
03716289
03716561
03717753
03718417
03718705
03718913
03719521
03720001
03720257
03720443
03721269
03721601
03722091
03722721
03723201
03723521
03723751
03724281
03724705
03724801
03725781
03726225
03726651
03726769
03726849
03726913
03727345
03727704
03727837
03728001
03728121
03729072
03729097
03729177
03730241
03730561
03730576
03730737
03730753
03731025
03731481
03731681
03732041
03732751
03732777
03732801
03732833
03732905
03733121
03733569
03733613
03734084
03734401
03734529
03734741
03734913
03734937
03735957
03736257
03736741
03737001
03737265
03737377
03737559
03737841
03738489
03739311
03739737
03740417
03742141
03742353
03743361
03743581
03743801
03744001
03744201
03744281
03744321
03744327
03745121
03745537
03746001
03746101
03747401
03747425
03747801
03749601
03750017
03751344
03751697
03752281
03752321
03753121
03753421
03753953
03755145
03755201
03755411
03755777
03756213
03756601
03756801
03756833
03757241
03758385
03758901
03759233
03759521
03759605
03759997
03760641
03761181
03761281
03762129
03762401
03762481
03762965
03763201
03763297
03763361
03763681
03764353
03764537
03764881
03765001
03765023
03765282
03765305
03765626
03765979
03766075
03766161
03767245
03767361
03768441
03768481
03769361
03770160
03770945
03771281
03772865
03773313
03774063
03774209
03774669
03775329
03775937
03776129
03776601
03777281
03777401
03777777
03778001
03778561
03779651
03780491
03780651
03780921
03782273
03782721
03783169
03783201
03783209
03783361
03783612
03783671
03783945
03784001
03784041
03784401
03784677
03785001
03785133
03785441
03785985
03786117
03786241
03786481
03787155
03787251
03787456
03787529
03787851
03788361
03788473
03788609
03788801
03789441
03789580
03789953
03790385
03790849
03791457
03792401
03792561
03792951
03794001
03794174
03794351
03794701
03795101
03795737
03796001
03796033
03796373
03796641
03796701
03796769
03796825
03797997
03798537
03798737
03799201
03799287
03799381
03800183
03801001
03801401
03801671
03801921
03802281
03802335
03802777
03803001
03804081
03804129
03804161
03804535
03804889
03804913
03805249
03805505
03805721
03806299
03806305
03806716
03806809
03807521
03807861
03808875
03809001
03809089
03809721
03809761
03810001
03810931
03811521
03811821
03811901
03812481
03812761
03813921
03814213
03814793
03815101
03815281
03816131
03816611
03816801
03817601
03818321
03818626
03819801
03820401
03820801
03821441
03821569
03822501
03823249
03823361
03823937
03824001
03824201
03824577
03824641
03824705
03825325
03825449
03826617
03826765
03826905
03827297
03827361
03827961
03828001
03829119
03830437
03831281
03831381
03831497
03831681
03832256
03832379
03833097
03833465
03833545
03833601
03834241
03834305
03834369
03834409
03834551
03834881
03835641
03836331
03836841
03837001
03837253
03837777
03837841
03838001
03838081
03838109
03838961
03839073
03839282
03840069
03840321
03840477
03840509
03840513
03841201
03841831
03841921
03842083
03842625
03842945
03843001
03843651
03844301
03844761
03845351
03846001
03846061
03846216
03846921
03847041
03847221
03847665
03848001
03849001
03849781
03849801
03850329
03850556
03850801
03851201
03851321
03851361
03851409
03851825
03852245
03853249
03853601
03854801
03856251
03856385
03856481
03856551
03857321
03857569
03857777
03858361
03859001
03860693
03861249
03861251
03861521
03861601
03861761
03861961
03863041
03863533
03864193
03864401
03864865
03865025
03865089
03865601
03865633
03866201
03866301
03866401
03866921
03867251
03867745
03867957
03868321
03868751
03868801
03868841
03869481
03870001
03870105
03871001
03872001
03872031
03872449
03872929
03872961
03873273
03873601
03873921
03875281
03876241
03876411
03876865
03876881
03877161
03877889
03878169
03878689
03878945
03879221
03879681
03879861
03880497
03880639
03881125
03882013
03882240
03882241
03882501
03882545
03882561
03883421
03883681
03883751
03883961
03884161
03884169
03885091
03885121
03885401
03885641
03885697
03886085
03886751
03887531
03887626
03887683
03888287
03889013
03889772
03889889
03890097
03890411
03891201
03891831
03891969
03892401
03892481
03892617
03892641
03893185
03893841
03894049
03894321
03894497
03895038
03895351
03895809
03895943
03896001
03896161
03896351
03896801
03896881
03897089
03897901
03898101
03898561
03899101
03899201
03899265
03899701
03900001
03900011
03900481
03900841
03900929
03901601
03902821
03902881
03902921
03903001
03903021
03903297
03904017
03904129
03904185
03904361
03904641
03904801
03905081
03905137
03905201
03905401
03905697
03905921
03906005
03906121
03906361
03906713
03907389
03907513
03907745
03907861
03908101
03908297
03908421
03908751
03908929
03909433
03909551
03909687
03910505
03910851
03911041
03911256
03912897
03913481
03914481
03914501
03914769
03915101
03915621
03915777
03916289
03916641
03916921
03917281
03917313
03917849
03918497
03918686
03918739
03919051
03919195
03919471
03919926
03920657
03921175
03922021
03922045
03922641
03922695
03923009
03923807
03923837
03924451
03924641
03924716
03924785
03925009
03925234
03925601
03926061
03926465
03926721
03926791
03926841
03927041
03927361
03927889
03928963
03929281
03929421
03929581
03929601
03929717
03930093
03930581
03930641
03931601
03932041
03933717
03934209
03934333
03934401
03934405
03934465
03934825
03936001
03936137
03936257
03937227
03937281
03937601
03937633
03938411
03939361
03939585
03940025
03940045
03940101
03940779
03941929
03942273
03942401
03942666
03942741
03943361
03943921
03944321
03944601
03944801
03945261
03946177
03947017
03947529
03948083
03948191
03948401
03949009
03949501
03950049
03950081
03950489
03950513
03950593
03950705
03951361
03951761
03951977
03952081
03954431
03954501
03954689
03955201
03955429
03955591
03956769
03957081
03957137
03957526
03958617
03959282
03959377
03960001
03960025
03960201
03960481
03960677
03960763
03960833
03961169
03961501
03962501
03962785
03962964
03963001
03963137
03963331
03963449
03963657
03964151
03965001
03965761
03965871
03966265
03966401
03966977
03967431
03967729
03967921
03968349
03968545
03968741
03968791
03969001
03969277
03969851
03971201
03971607
03971741
03972093
03972161
03972743
03972865
03973057
03973121
03973601
03974401
03974577
03975897
03976021
03976513
03976793
03976965
03977456
03977633
03978173
03978294
03978369
03978661
03979457
03979521
03980033
03980173
03980429
03980801
03981025
03981229
03981516
03982481
03982501
03983521
03983597
03983817
03983873
03984161
03984931
03985085
03987357
03987474
03988001
03988121
03989377
03989844
03989921
03990001
03990451
03990593
03990750
03990799
03990985
03991251
03991273
03991761
03992187
03992203
03992305
03992941
03993041
03993921
03994113
03994129
03994613
03994761
03995041
03995251
03995761
03996001
03996161
03996801
03997026
03997501
03998401
03998841
03998977
03999151
03999233
03999601
