1000
00007557
00007661
00026365
00029371
00029601
00038401
00041241
00043585
00051681
00052161
00054593
00075753
00078194
00079201
00080929
00086401
00088193
00091305
00097281
00104705
00108801
00116417
00120225
00121085
00122351
00125441
00129683
00135706
00137089
00138401
00142849
00147633
00148697
00150561
00151361
00155345
00156305
00157297
00160569
00164391
00167481
00175301
00177079
00180161
00189001
00194196
00204001
00206201
00206337
00207501
00207937
00211031
00221918
00223425
00226751
00226845
00229121
00229311
00236681
00245265
00246401
00248581
00251001
00256881
00257825
00262711
00266409
00269441
00272332
00281081
00284771
00289401
00289601
00294277
00298281
00300481
00314041
00315001
00320001
00322963
00329901
00331377
00332865
00337281
00346981
00347501
00349441
00350149
00351937
00354305
00359921
00362501
00369001
00372801
00375681
00375841
00376151
00389581
00390401
00391501
00396965
00397001
00397681
00404513
00405710
00418497
00419801
00421257
00422381
00422913
00422977
00427421
00429399
00434777
00434833
00442581
00460801
00462021
00468451
00468481
00470066
00471601
00485301
00485361
00486843
00487681
00492801
00496571
00496641
00499617
00507097
00508289
00513783
00516993
00521601
00523159
00529601
00531345
00531751
00533531
00534001
00534241
00540065
00542061
00543001
00548122
00548229
00554705
00558361
00564401
00565257
00567281
00569200
00578401
00578811
00584001
00585205
00586931
00593615
00600403
00608848
00608961
00612763
00616961
00620327
00621381
00633001
00636781
00637025
00647632
00648601
00648961
00654851
00657713
00661527
00667425
00671277
00675501
00675856
00678369
00679841
00687101
00693969
00695661
00702707
00708857
00709325
00715845
00722001
00729621
00739009
00739265
00744441
00748728
00749913
00755969
00759041
00760769
00762241
00765481
00771841
00772998
00787201
00787411
00792856
00800321
00802388
00813549
00815751
00816850
00838901
00845575
00849921
00850561
00857457
00864737
00867921
00868001
00868577
00868657
00872401
00876881
00877629
00878177
00883201
00885473
00887073
00891001
00895617
00896641
00903761
00906945
00910671
00911935
00917217
00918233
00927485
00932233
00936321
00938801
00941761
00946071
00950929
00951243
00958316
00958621
00958769
00961217
00972431
00981359
00988501
00990753
00992673
00992911
01001007
01007233
01014671
01018337
01021761
01024339
01033921
01042433
01043961
01045805
01047937
01048801
01049937
01050431
01052065
01052516
01058161
01065211
01072189
01072929
01074401
01074641
01082681
01089001
01093121
01100493
01103126
01103841
01106561
01113121
01118241
01124201
01125121
01132321
01135251
01136909
01139201
01163521
01165457
01174533
01177201
01185313
01185959
01193697
01196601
01206161
01209321
01219001
01220865
01239041
01239125
01239361
01250001
01250825
01253121
01254961
01260161
01261569
01264961
01265496
01277009
01277761
01280921
01293425
01294025
01300001
01310007
01319537
01323521
01323719
01325313
01325881
01331161
01333501
01339201
01342753
01354606
01356021
01360413
01364161
01365491
01384161
01386001
01388329
01388641
01391153
01391501
01394501
01394841
01396301
01401335
01407901
01409081
01409637
01414105
01415361
01416043
01418561
01418705
01426651
01427921
01428301
01436929
01438065
01438337
01438663
01440531
01442501
01444001
01444701
01449281
01450151
01451273
01454337
01455745
01457153
01457221
01461673
01461711
01462057
01467285
01467599
01468121
01468301
01469153
01469841
01476353
01480641
01481473
01482401
01484065
01496826
01498881
01522825
01523941
01525505
01532289
01543770
01545151
01545582
01548809
01550831
01550977
01554251
01554761
01558317
01573467
01576893
01577153
01579393
01582241
01583009
01588801
01615701
01616309
01620801
01622701
01626433
01638401
01647281
01648709
01655679
01657465
01665665
01668743
01671200
01674841
01683111
01686529
01708881
01709001
01711105
01711161
01714433
01716251
01720101
01731001
01731585
01737601
01738865
01746301
01753801
01760129
01762194
01768385
01775001
01777689
01778561
01787821
01791585
01793639
01796361
01800273
01805937
01813001
01822001
01825961
01830401
01837441
01838731
01842401
01845461
01848221
01849501
01851821
01855161
01859833
01861553
01866151
01869801
01870776
01879041
01891037
01898329
01901377
01902333
01906181
01913201
01918349
01920001
01922335
01923793
01926421
01941043
01945801
01951161
01951165
01954537
01973041
01974103
01979493
01989837
01998751
02009701
02012401
02015745
02023241
02032001
02037501
02038401
02039041
02039778
02040001
02041401
02049721
02062076
02080001
02084011
02088001
02096921
02109681
02116636
02116841
02124161
02124701
02125997
02129281
02133151
02139761
02156081
02160201
02162881
02169599
02169929
02170401
02173217
02177921
02180137
02190473
02195841
02198673
02198937
02202881
02210081
02214465
02215265
02220801
02223361
02223841
02225785
02229185
02231513
02235164
02237263
02237453
02238201
02238249
02239745
02242421
02245161
02245241
02245361
02248001
02248169
02249100
02261161
02261406
02262501
02270017
02272985
02276353
02278401
02280641
02281551
02283041
02290433
02291789
02305281
02305751
02305901
02307651
02311442
02313473
02316801
02319626
02325801
02326901
02327201
02336001
02339073
02339377
02353617
02355009
02356033
02361676
02362101
02363081
02368421
02369677
02373520
02376626
02380201
02389886
02395777
02397785
02399737
02404117
02408613
02409281
02409985
02412993
02414845
02426073
02427555
02429681
02431724
02434049
02435521
02443009
02444265
02457281
02458801
02460545
02464001
02464929
02465761
02465929
02466097
02478241
02478257
02479065
02480961
02486177
02486709
02489601
02491777
02493249
02493531
02494721
02506241
02515541
02519696
02524801
02528609
02553921
02558717
02559233
02567201
02570209
02577601
02579569
02582501
02583681
02585081
02585201
02585601
02587301
02594681
02595361
02596561
02597121
02604481
02606289
02614081
02614231
02615401
02615451
02622977
02623981
02625129
02627491
02630849
02633719
02636257
02639665
02642441
02647921
02654857
02660381
02662401
02675921
02677197
02677555
02687625
02699201
02700121
02707951
02717057
02727495
02727761
02739725
02747905
02748417
02750801
02754321
02756641
02758753
02764801
02766607
02776631
02786261
02790401
02792351
02792601
02794385
02806001
02808026
02808541
02809977
02812887
02827937
02830630
02836337
02837761
02840145
02842881
02846017
02849201
02849251
02853217
02859101
02864585
02866935
02872321
02877225
02879649
02881025
02883457
02886861
02889181
02890001
02892257
02898171
02905041
02908001
02910729
02911942
02913345
02916401
02925001
02926001
02927601
02927793
02944161
02947546
02959201
02961681
02963201
02967773
02986125
02993601
03005471
03009541
03017473
03019041
03019065
03025489
03026941
03035781
03041106
03046849
03049193
03053521
03054581
03058295
03061009
03072577
03075461
03090305
03097791
03100001
03100745
03104897
03108673
03111201
03119501
03123601
03130577
03131261
03143553
03144945
03156019
03156395
03162231
03172971
03173527
03175781
03179137
03184217
03201281
03201481
03214254
03215001
03221745
03229406
03238055
03238401
03238801
03239917
03244801
03252881
03255041
03259121
03264251
03268641
03269301
03270241
03275201
03278345
03279073
03289153
03289205
03293527
03296769
03309409
03318081
03322241
03326153
03328001
03329129
03333357
03351533
03365673
03369181
03371705
03379201
03379585
03380001
03384001
03387121
03395001
03395376
03395731
03403011
03412993
03414081
03415921
03416321
03420129
03421833
03422081
03422721
03423293
03428001
03435825
03438021
03450961
03460609
03469201
03474801
03476491
03479741
03482301
03486409
03488513
03489281
03493889
03494401
03498241
03510001
03510449
03510977
03512113
03512252
03514801
03515649
03518855
03523991
03529017
03532545
03534601
03535361
03538081
03539001
03540793
03544001
03549893
03551211
03557531
03560296
03576451
03577793
03580041
03582801
03586801
03591441
03593661
03595089
03599501
03600001
03602501
03606251
03613841
03616221
03617651
03621961
03624001
03625821
03626306
03632105
03637317
03641889
03646801
03647021
03650273
03652441
03653441
03656197
03656881
03657036
03657801
03664225
03666153
03667681
03673126
03673601
03680441
03687681
03690735
03703537
03709169
03715841
03716101
03717061
03718617
03723521
03724049
03724833
03724939
03732353
03737601
03739953
03740993
03749891
03753393
03754635
03757501
03758353
03765175
03765453
03765781
03770197
03779265
03785681
03790351
03793665
03795201
03798721
03800993
03801601
03801921
03812001
03814753
03816001
03817501
03820217
03825544
03828161
03829001
03836321
03836801
03837041
03839445
03846401
03847503
03848101
03849601
03854145
03855233
03856577
03857537
03864401
03868601
03868911
03870045
03870209
03873921
03874615
03883169
03885321
03886501
03887471
03888321
03891301
03893401
03893651
03895001
03908931
03909633
03911425
03912001
03918777
03921061
03921137
03923153
03925425
03927041
03932001
03933961
03934001
03940501
03941001
03942361
03943901
03945604
03946781
03953985
03962241
03964229
03966701
03967411
03970841
03973561
03981921
03985033
03999889
