100
00050689
00054401
00143593
00156310
00189001
00202201
00261401
00286501
00343481
00399861
00402321
00403121
00506343
00511801
00543201
00606251
00625161
00671262
00682337
00734465
00744981
00836777
00921601
00947745
01136625
01146817
01184601
01254412
01292421
01425151
01440601
01453273
01462757
01533281
01545009
01566835
01601601
01641729
01717101
01740705
01792061
01796117
01800001
01864820
01918721
01976661
01992716
02011137
02114749
02131601
02162761
02268161
02273931
02324081
02334081
02337601
02341465
02353211
02362561
02371081
02375601
02383841
02428001
02472801
02523791
02732991
02782641
02823681
02838265
02852626
02852811
02871281
02917505
02994033
03020039
03040321
03042273
03096961
03180625
03232157
03237161
03246262
03318721
03323837
03364566
03367563
03393501
03416851
03450317
03525761
03527121
03547393
03587854
03612801
03660025
03730301
03843041
03879617
03891953
03895041
