100
01203311
03812221
01347433
01677441
03517841
01895001
00703521
01461261
01864801
03355581
03514709
03624193
01402841
02734497
03034113
02214617
01691977
02908929
01057271
02742081
00679489
02120751
01092433
00135301
01232201
02353125
01977455
02050081
02703969
00805485
00684801
01502721
01794601
00035225
00761551
00725137
02289329
01297601
00664481
02360321
00040961
01822081
00678309
00052801
02619277
01699515
03153999
02697181
03953921
00483017
00058561
03707193
02367721
02735009
00255537
03978585
03202961
02519181
02152801
01705876
02005121
00450001
00464661
02695831
03140081
01422561
02547201
00377021
00858991
00190641
02203801
00428673
02624651
03634649
00187201
03745089
03428401
02467481
00300321
00331421
01694433
02800321
03456561
00200217
02792065
03339521
02133761
00718249
02320161
03864209
03113905
03598225
03004021
01760381
02711145
02181561
00777431
03273541
02767201
02463809
