1000
00001000
00000999
00000998
00000997
00000996
00000995
00000994
00000993
00000992
00000991
00000990
00000989
00000988
00000987
00000986
00000985
00000984
00000983
00000982
00000981
00000980
00000979
00000978
00000977
00000976
00000975
00000974
00000973
00000972
00000971
00000970
00000969
00000968
00000967
00000966
00000965
00000964
00000963
00000962
00000961
00000960
00000959
00000958
00000957
00000956
00000955
00000954
00000953
00000952
00000951
00000950
00000949
00000948
00000947
00000946
00000945
00000944
00000943
00000942
00000941
00000940
00000939
00000938
00000937
00000936
00000935
00000934
00000933
00000932
00000931
00000930
00000929
00000928
00000927
00000926
00000925
00000924
00000923
00000922
00000921
00000920
00000919
00000918
00000917
00000916
00000915
00000914
00000913
00000912
00000911
00000910
00000909
00000908
00000907
00000906
00000905
00000904
00000903
00000902
00000901
00000900
00000899
00000898
00000897
00000896
00000895
00000894
00000893
00000892
00000891
00000890
00000889
00000888
00000887
00000886
00000885
00000884
00000883
00000882
00000881
00000880
00000879
00000878
00000877
00000876
00000875
00000874
00000873
00000872
00000871
00000870
00000869
00000868
00000867
00000866
00000865
00000864
00000863
00000862
00000861
00000860
00000859
00000858
00000857
00000856
00000855
00000854
00000853
00000852
00000851
00000850
00000849
00000848
00000847
00000846
00000845
00000844
00000843
00000842
00000841
00000840
00000839
00000838
00000837
00000836
00000835
00000834
00000833
00000832
00000831
00000830
00000829
00000828
00000827
00000826
00000825
00000824
00000823
00000822
00000821
00000820
00000819
00000818
00000817
00000816
00000815
00000814
00000813
00000812
00000811
00000810
00000809
00000808
00000807
00000806
00000805
00000804
00000803
00000802
00000801
00000800
00000799
00000798
00000797
00000796
00000795
00000794
00000793
00000792
00000791
00000790
00000789
00000788
00000787
00000786
00000785
00000784
00000783
00000782
00000781
00000780
00000779
00000778
00000777
00000776
00000775
00000774
00000773
00000772
00000771
00000770
00000769
00000768
00000767
00000766
00000765
00000764
00000763
00000762
00000761
00000760
00000759
00000758
00000757
00000756
00000755
00000754
00000753
00000752
00000751
00000750
00000749
00000748
00000747
00000746
00000745
00000744
00000743
00000742
00000741
00000740
00000739
00000738
00000737
00000736
00000735
00000734
00000733
00000732
00000731
00000730
00000729
00000728
00000727
00000726
00000725
00000724
00000723
00000722
00000721
00000720
00000719
00000718
00000717
00000716
00000715
00000714
00000713
00000712
00000711
00000710
00000709
00000708
00000707
00000706
00000705
00000704
00000703
00000702
00000701
00000700
00000699
00000698
00000697
00000696
00000695
00000694
00000693
00000692
00000691
00000690
00000689
00000688
00000687
00000686
00000685
00000684
00000683
00000682
00000681
00000680
00000679
00000678
00000677
00000676
00000675
00000674
00000673
00000672
00000671
00000670
00000669
00000668
00000667
00000666
00000665
00000664
00000663
00000662
00000661
00000660
00000659
00000658
00000657
00000656
00000655
00000654
00000653
00000652
00000651
00000650
00000649
00000648
00000647
00000646
00000645
00000644
00000643
00000642
00000641
00000640
00000639
00000638
00000637
00000636
00000635
00000634
00000633
00000632
00000631
00000630
00000629
00000628
00000627
00000626
00000625
00000624
00000623
00000622
00000621
00000620
00000619
00000618
00000617
00000616
00000615
00000614
00000613
00000612
00000611
00000610
00000609
00000608
00000607
00000606
00000605
00000604
00000603
00000602
00000601
00000600
00000599
00000598
00000597
00000596
00000595
00000594
00000593
00000592
00000591
00000590
00000589
00000588
00000587
00000586
00000585
00000584
00000583
00000582
00000581
00000580
00000579
00000578
00000577
00000576
00000575
00000574
00000573
00000572
00000571
00000570
00000569
00000568
00000567
00000566
00000565
00000564
00000563
00000562
00000561
00000560
00000559
00000558
00000557
00000556
00000555
00000554
00000553
00000552
00000551
00000550
00000549
00000548
00000547
00000546
00000545
00000544
00000543
00000542
00000541
00000540
00000539
00000538
00000537
00000536
00000535
00000534
00000533
00000532
00000531
00000530
00000529
00000528
00000527
00000526
00000525
00000524
00000523
00000522
00000521
00000520
00000519
00000518
00000517
00000516
00000515
00000514
00000513
00000512
00000511
00000510
00000509
00000508
00000507
00000506
00000505
00000504
00000503
00000502
00000501
00000500
00000499
00000498
00000497
00000496
00000495
00000494
00000493
00000492
00000491
00000490
00000489
00000488
00000487
00000486
00000485
00000484
00000483
00000482
00000481
00000480
00000479
00000478
00000477
00000476
00000475
00000474
00000473
00000472
00000471
00000470
00000469
00000468
00000467
00000466
00000465
00000464
00000463
00000462
00000461
00000460
00000459
00000458
00000457
00000456
00000455
00000454
00000453
00000452
00000451
00000450
00000449
00000448
00000447
00000446
00000445
00000444
00000443
00000442
00000441
00000440
00000439
00000438
00000437
00000436
00000435
00000434
00000433
00000432
00000431
00000430
00000429
00000428
00000427
00000426
00000425
00000424
00000423
00000422
00000421
00000420
00000419
00000418
00000417
00000416
00000415
00000414
00000413
00000412
00000411
00000410
00000409
00000408
00000407
00000406
00000405
00000404
00000403
00000402
00000401
00000400
00000399
00000398
00000397
00000396
00000395
00000394
00000393
00000392
00000391
00000390
00000389
00000388
00000387
00000386
00000385
00000384
00000383
00000382
00000381
00000380
00000379
00000378
00000377
00000376
00000375
00000374
00000373
00000372
00000371
00000370
00000369
00000368
00000367
00000366
00000365
00000364
00000363
00000362
00000361
00000360
00000359
00000358
00000357
00000356
00000355
00000354
00000353
00000352
00000351
00000350
00000349
00000348
00000347
00000346
00000345
00000344
00000343
00000342
00000341
00000340
00000339
00000338
00000337
00000336
00000335
00000334
00000333
00000332
00000331
00000330
00000329
00000328
00000327
00000326
00000325
00000324
00000323
00000322
00000321
00000320
00000319
00000318
00000317
00000316
00000315
00000314
00000313
00000312
00000311
00000310
00000309
00000308
00000307
00000306
00000305
00000304
00000303
00000302
00000301
00000300
00000299
00000298
00000297
00000296
00000295
00000294
00000293
00000292
00000291
00000290
00000289
00000288
00000287
00000286
00000285
00000284
00000283
00000282
00000281
00000280
00000279
00000278
00000277
00000276
00000275
00000274
00000273
00000272
00000271
00000270
00000269
00000268
00000267
00000266
00000265
00000264
00000263
00000262
00000261
00000260
00000259
00000258
00000257
00000256
00000255
00000254
00000253
00000252
00000251
00000250
00000249
00000248
00000247
00000246
00000245
00000244
00000243
00000242
00000241
00000240
00000239
00000238
00000237
00000236
00000235
00000234
00000233
00000232
00000231
00000230
00000229
00000228
00000227
00000226
00000225
00000224
00000223
00000222
00000221
00000220
00000219
00000218
00000217
00000216
00000215
00000214
00000213
00000212
00000211
00000210
00000209
00000208
00000207
00000206
00000205
00000204
00000203
00000202
00000201
00000200
00000199
00000198
00000197
00000196
00000195
00000194
00000193
00000192
00000191
00000190
00000189
00000188
00000187
00000186
00000185
00000184
00000183
00000182
00000181
00000180
00000179
00000178
00000177
00000176
00000175
00000174
00000173
00000172
00000171
00000170
00000169
00000168
00000167
00000166
00000165
00000164
00000163
00000162
00000161
00000160
00000159
00000158
00000157
00000156
00000155
00000154
00000153
00000152
00000151
00000150
00000149
00000148
00000147
00000146
00000145
00000144
00000143
00000142
00000141
00000140
00000139
00000138
00000137
00000136
00000135
00000134
00000133
00000132
00000131
00000130
00000129
00000128
00000127
00000126
00000125
00000124
00000123
00000122
00000121
00000120
00000119
00000118
00000117
00000116
00000115
00000114
00000113
00000112
00000111
00000110
00000109
00000108
00000107
00000106
00000105
00000104
00000103
00000102
00000101
00000100
00000099
00000098
00000097
00000096
00000095
00000094
00000093
00000092
00000091
00000090
00000089
00000088
00000087
00000086
00000085
00000084
00000083
00000082
00000081
00000080
00000079
00000078
00000077
00000076
00000075
00000074
00000073
00000072
00000071
00000070
00000069
00000068
00000067
00000066
00000065
00000064
00000063
00000062
00000061
00000060
00000059
00000058
00000057
00000056
00000055
00000054
00000053
00000052
00000051
00000050
00000049
00000048
00000047
00000046
00000045
00000044
00000043
00000042
00000041
00000040
00000039
00000038
00000037
00000036
00000035
00000034
00000033
00000032
00000031
00000030
00000029
00000028
00000027
00000026
00000025
00000024
00000023
00000022
00000021
00000020
00000019
00000018
00000017
00000016
00000015
00000014
00000013
00000012
00000011
00000010
00000009
00000008
00000007
00000006
00000005
00000004
00000003
00000002
00000001
