100
03978585
03953921
03864209
03812221
03745089
03707193
03634649
03624193
03598225
03517841
03514709
03456561
03428401
03355581
03339521
03273541
03202961
03153999
03140081
03113905
03034113
03004021
02908929
02800321
02792065
02767201
02742081
02735009
02734497
02711145
02703969
02697181
02695831
02624651
02619277
02547201
02519181
02467481
02463809
02367721
02360321
02353125
02320161
02289329
02214617
02203801
02181561
02152801
02133761
02120751
02050081
02005121
01977455
01895001
01864801
01822081
01794601
01760381
01705876
01699515
01694433
01691977
01677441
01502721
01461261
01422561
01402841
01347433
01297601
01232201
01203311
01092433
01057271
00858991
00805485
00777431
00761551
00725137
00718249
00703521
00684801
00679489
00678309
00664481
00483017
00464661
00450001
00428673
00377021
00331421
00300321
00255537
00200217
00190641
00187201
00135301
00058561
00052801
00040961
00035225
