10000
03999543
03999489
03998717
03998401
03998181
03998049
03997761
03997441
03996369
03996301
03995169
03994906
03994778
03994129
03994113
03994037
03994001
03993001
03992881
03992577
03992321
03992093
03991751
03991703
03991441
03991361
03990829
03990676
03990597
03990265
03990101
03989550
03989441
03989393
03988801
03988481
03988317
03988001
03987701
03987651
03987145
03987061
03986401
03984945
03984289
03984201
03984141
03984001
03983841
03983457
03982081
03981809
03981291
03980961
03980231
03980161
03979875
03979411
03979169
03978401
03977729
03977665
03977217
03976871
03976609
03976121
03976001
03975945
03975841
03975597
03975169
03975129
03975001
03974881
03974801
03974001
03973937
03973600
03973031
03972481
03972297
03971626
03971513
03971193
03970876
03970001
03969641
03968641
03968501
03968001
03967951
03967873
03967625
03967101
03967089
03966721
03966121
03965953
03965601
03964801
03964481
03964313
03964301
03963959
03962465
03962045
03961829
03961535
03960513
03960001
03959985
03959937
03959101
03958277
03957741
03957465
03956723
03955789
03955659
03953846
03952325
03952001
03951551
03951201
03950201
03950173
03949249
03949017
03948877
03948801
03948751
03948161
03947501
03947129
03946911
03946753
03946361
03945313
03945072
03944905
03944801
03944705
03944431
03943553
03943121
03943001
03942401
03941557
03941393
03941377
03941121
03940737
03940721
03940581
03940535
03940251
03940057
03939841
03939201
03938801
03938641
03938381
03938321
03938276
03938201
03938001
03937741
03936992
03936261
03936126
03936001
03935433
03935281
03934073
03932929
03931415
03931201
03931037
03930973
03930695
03930245
03930171
03930076
03929261
03928385
03927753
03927101
03926861
03926801
03926701
03926401
03925837
03925586
03925133
03924993
03924655
03924501
03923637
03923148
03923143
03923101
03922543
03921676
03921371
03920301
03920225
03919081
03918961
03918481
03918369
03918353
03918209
03918021
03917617
03917441
03917201
03916601
03916065
03915921
03915181
03915137
03915009
03915001
03914521
03913985
03913921
03913261
03912961
03912577
03912521
03912287
03912041
03911201
03910941
03910709
03910401
03910329
03909377
03908944
03908689
03908561
03907905
03907601
03907177
03906991
03906401
03906219
03904241
03903393
03901851
03901601
03901111
03901057
03900929
03900551
03900271
03900161
03900001
03899265
03899081
03899051
03898821
03898561
03898497
03898001
03897653
03896829
03896601
03896501
03896206
03896065
03896001
03895281
03895271
03894441
03892515
03892481
03892401
03892133
03892001
03891905
03891501
03890969
03890721
03889401
03889321
03888419
03888001
03886826
03886689
03886257
03886233
03886145
03886027
03885841
03885633
03885281
03885217
03884801
03884785
03884641
03884616
03884097
03884011
03883857
03883801
03883763
03883649
03883501
03883351
03881217
03881201
03880761
03880276
03879809
03879297
03878833
03878801
03878577
03878401
03878001
03877633
03877505
03877057
03876865
03876001
03875841
03875701
03875457
03875023
03874917
03874401
03873985
03873901
03872781
03872206
03871601
03870981
03870861
03870825
03870721
03870501
03870041
03868825
03868609
03867861
03867441
03866921
03866593
03866145
03865981
03865601
03865121
03865021
03864441
03864193
03864001
03863107
03862609
03862249
03862033
03862017
03861276
03860501
03860381
03860243
03859973
03859687
03859480
03859345
03859101
03858893
03858881
03858761
03858391
03858001
03857921
03857733
03857637
03857601
03857441
03857409
03857141
03856869
03856001
03855965
03855843
03855813
03854005
03853961
03853836
03853197
03853185
03851969
03851819
03851689
03849528
03849361
03848705
03848641
03848161
03848009
03847133
03846721
03846581
03846529
03845249
03844201
03843571
03843491
03842985
03842017
03841591
03841281
03841081
03840981
03840001
03839617
03838889
03838721
03838249
03838213
03837921
03837905
03837681
03837441
03837249
03836943
03836426
03836001
03835681
03834881
03834801
03834351
03834126
03833537
03833341
03833201
03833001
03832979
03831457
03831025
03830719
03829251
03829049
03827061
03826831
03826717
03825921
03825909
03824801
03824601
03824151
03824129
03824001
03823001
03822231
03822017
03818877
03817373
03817301
03815425
03814954
03814913
03814501
03814145
03811489
03811169
03811041
03810393
03810221
03809961
03809521
03809409
03807909
03807577
03807527
03807297
03806301
03805777
03805409
03805399
03805270
03805185
03805001
03804781
03804201
03804161
03803087
03802111
03801793
03801789
03801173
03800065
03800001
03799548
03798801
03798745
03797785
03797221
03795585
03795041
03794861
03794566
03794305
03793251
03792554
03791021
03790875
03790821
03790801
03790541
03790401
03790381
03790193
03790145
03789886
03789569
03789029
03788926
03788471
03788205
03787661
03787451
03787121
03786563
03786401
03786326
03784961
03784641
03784376
03783845
03782593
03782501
03781876
03780351
03780065
03779729
03779601
03779405
03778708
03778305
03777985
03777961
03776577
03776561
03776113
03776001
03775971
03775941
03775441
03775041
03775001
03773185
03773089
03772686
03772661
03771921
03770753
03770611
03770241
03769581
03769485
03768961
03768833
03768421
03768319
03768001
03767681
03767355
03767297
03766213
03766001
03765761
03765361
03765033
03763633
03763550
03763541
03763201
03761931
03760431
03760001
03759681
03759169
03758041
03757721
03757203
03756801
03756001
03755901
03755105
03754849
03754729
03754409
03754401
03754229
03753721
03752961
03752881
03752461
03752391
03752177
03751853
03751687
03751265
03751251
03750641
03750621
03750433
03750341
03750191
03750089
03749321
03749176
03747683
03747600
03747569
03747313
03746397
03745833
03744545
03744001
03743681
03743172
03742341
03741977
03741765
03741761
03741281
03741201
03740769
03740681
03739951
03739713
03739691
03738721
03738369
03737921
03737899
03737843
03737401
03735841
03735801
03735681
03735569
03735281
03734993
03734951
03734441
03734201
03734179
03732801
03731713
03731201
03730497
03729586
03729281
03728881
03728761
03728501
03728479
03728121
03727441
03726657
03726501
03726401
03726337
03725907
03725775
03725671
03725249
03724865
03724307
03723505
03723116
03722951
03722881
03722465
03722221
03722001
03721321
03721281
03720641
03720225
03720091
03719945
03719429
03719201
03718845
03718771
03718401
03718153
03717969
03717929
03717889
03717569
03717201
03717169
03717141
03717121
03717019
03716401
03716329
03716321
03716201
03716131
03715521
03714561
03714492
03714281
03713451
03713043
03712311
03712129
03711281
03711185
03710373
03709441
03709161
03708651
03708321
03708131
03707905
03707061
03705727
03705205
03705041
03704261
03704137
03703985
03703921
03703873
03703681
03703281
03703161
03702881
03702401
03702101
03701739
03701673
03701601
03701585
03701255
03701175
03701071
03699956
03699841
03699751
03699201
03698819
03698561
03698021
03697761
03696801
03696641
03696385
03696201
03695426
03694678
03694401
03694001
03693825
03693025
03692161
03692001
03691393
03690769
03689905
03689025
03688636
03688481
03688001
03687501
03686863
03686289
03685633
03684789
03684673
03684377
03684353
03683841
03683121
03683001
03682297
03681729
03681553
03681041
03680531
03680397
03679910
03679873
03679841
03678401
03677905
03677701
03677441
03677393
03676881
03676339
03675976
03675601
03675121
03675001
03674977
03674881
03674849
03674753
03674001
03673641
03673221
03672801
03672631
03671416
03670401
03669781
03669376
03668849
03668481
03668417
03668401
03667969
03667301
03667201
03667001
03665793
03665421
03664617
03664385
03664141
03662189
03662017
03661793
03661113
03660091
03659501
03659376
03659325
03658497
03657761
03657601
03657351
03657235
03657025
03656249
03655905
03655893
03655671
03655319
03654889
03654421
03654401
03654081
03653921
03653121
03653068
03652809
03652737
03652361
03652341
03652339
03652001
03651521
03650945
03650888
03650497
03650475
03650001
03649569
03648436
03648281
03648165
03648065
03647681
03646721
03646081
03645421
03645201
03643802
03643521
03643056
03642261
03641969
03641735
03641629
03641601
03641441
03641361
03641089
03640817
03640801
03640481
03640121
03639765
03639504
03639201
03638401
03638017
03637921
03637697
03637501
03637421
03637169
03636561
03636201
03635521
03635201
03634791
03634241
03634101
03633921
03633261
03632837
03632801
03632081
03632001
03631783
03630971
03630961
03630191
03629593
03629017
03628751
03628741
03628101
03627451
03627151
03627113
03626801
03626433
03626001
03625513
03625489
03625345
03625101
03624641
03624577
03624201
03624041
03623447
03623254
03622849
03622657
03622453
03622368
03622201
03622129
03621801
03621537
03621453
03621121
03621031
03619907
03619601
03619289
03619041
03618441
03618365
03617941
03617641
03615651
03615453
03615297
03614721
03614601
03614209
03614081
03614001
03613721
03613101
03612801
03612369
03612001
03611821
03611393
03611371
03611001
03609723
03609491
03609401
03608741
03607553
03607041
03606785
03606553
03606433
03605969
03605609
03605118
03604961
03604599
03604541
03604441
03604295
03604065
03603647
03603201
03602561
03602321
03601501
03601393
03601329
03601121
03601047
03601001
03600001
03599501
03599201
03598811
03598241
03597985
03597876
03597761
03597745
03597601
03596801
03596385
03595713
03595651
03595587
03595257
03594548
03594433
03594017
03593601
03593501
03592641
03592597
03592285
03591881
03591367
03590941
03590401
03589317
03589193
03588961
03588929
03588553
03588481
03588221
03588033
03587601
03586151
03586049
03586001
03585141
03585067
03584833
03584769
03583801
03583649
03583601
03583001
03582685
03581953
03581760
03581501
03581441
03581001
03579911
03579561
03579355
03579016
03578737
03578678
03578221
03577601
03577263
03576751
03576666
03576497
03574209
03573761
03573736
03573293
03573289
03573221
03573217
03573153
03573001
03572209
03572001
03571857
03571645
03571353
03571249
03571201
03571121
03570065
03569949
03569921
03569549
03569191
03569001
03568585
03568323
03567433
03567391
03567001
03566481
03566401
03566301
03566201
03566081
03565561
03565521
03565281
03565209
03564897
03564866
03564801
03563601
03563201
03563165
03562501
03562105
03561793
03561777
03560901
03560705
03560641
03560186
03559201
03558051
03557829
03557825
03557589
03557353
03557201
03555971
03555881
03555841
03555681
03555421
03553647
03553473
03553221
03553025
03552941
03552401
03551705
03551201
03550626
03550321
03550001
03549949
03546881
03546497
03545557
03545249
03545217
03545173
03544833
03544599
03544313
03543901
03543505
03543021
03543009
03542873
03542833
03542311
03540853
03540801
03540001
03539901
03539841
03539829
03539681
03539425
03539201
03539132
03538817
03538721
03538593
03538481
03537281
03536326
03536199
03536161
03535873
03535061
03534785
03534252
03533715
03533601
03533473
03532273
03531701
03531661
03531521
03531091
03530961
03530801
03530241
03530201
03529381
03528961
03528713
03528329
03527873
03527323
03527201
03527138
03527013
03526401
03523952
03523401
03523329
03522945
03522521
03522177
03521921
03521321
03520266
03520001
03518786
03518641
03518473
03518177
03516609
03516601
03516338
03516251
03516161
03515901
03515873
03514561
03513861
03513601
03512929
03512927
03512601
03512551
03512529
03511881
03511481
03511305
03510401
03510289
03510131
03510111
03510041
03509901
03509633
03509013
03509009
03508831
03508721
03508361
03508201
03508031
03507501
03507115
03506917
03506749
03506251
03505691
03505137
03505009
03504625
03504481
03504359
03504253
03504091
03504001
03503361
03503001
03502876
03502705
03502561
03502173
03501201
03500689
03500593
03500111
03500001
03499889
03499101
03498519
03497901
03497665
03497273
03497137
03496833
03496001
03495961
03495593
03495211
03495118
03494401
03493889
03493570
03493377
03493041
03492982
03492769
03492689
03492401
03491433
03491041
03490475
03490041
03490001
03489441
03488989
03488801
03488001
03487425
03487201
03486645
03486096
03485751
03485601
03485537
03485117
03485021
03484977
03484801
03484617
03484385
03483981
03483901
03483226
03482625
03481925
03481105
03481047
03480537
03480481
03480239
03480001
03479553
03479081
03478921
03478809
03477269
03476801
03476517
03475601
03475017
03474961
03474805
03474801
03474509
03474209
03473880
03473009
03472791
03472521
03472301
03472001
03471851
03471831
03471501
03471431
03471105
03470529
03470001
03468626
03468001
03467347
03467297
03467001
03466876
03466570
03465459
03463201
03462529
03462326
03462113
03462001
03461377
03461225
03461117
03460929
03460701
03460524
03459347
03458913
03458481
03457333
03457201
03457181
03456771
03456723
03456721
03456001
03455881
03455741
03455665
03455151
03454001
03453441
03453337
03453065
03452831
03452791
03451857
03451701
03451201
03450625
03450451
03449516
03449248
03449231
03448961
03448321
03448241
03448221
03448001
03446919
03446729
03445561
03445401
03444401
03443733
03443676
03443601
03443401
03443201
03443009
03441281
03441153
03440961
03440369
03439789
03439651
03439281
03438951
03438721
03437621
03437511
03437121
03436913
03436801
03436551
03436326
03436161
03435996
03435601
03434321
03433921
03433473
03433345
03433201
03432001
03431489
03431288
03430691
03430251
03430081
03429225
03427841
03427746
03427701
03427361
03427165
03427001
03426273
03426065
03425277
03423617
03423541
03423179
03422869
03422241
03422081
03421268
03421217
03420745
03420351
03420321
03420001
03419275
03418131
03418017
03416961
03416833
03416769
03416761
03416611
03416401
03416321
03416065
03416009
03415885
03415801
03413441
03413201
03413041
03411905
03411713
03411331
03410561
03409921
03409041
03408705
03408001
03407873
03407361
03406251
03406001
03405601
03405416
03404957
03404856
03404779
03404381
03403801
03403611
03403057
03403041
03402805
03401841
03401601
03401441
03400581
03400101
03400001
03399633
03399601
03399185
03398849
03398501
03398081
03397164
03397121
03396865
03396609
03396351
03396289
03395921
03395343
03394641
03393781
03393601
03393537
03393153
03392001
03391765
03391331
03391041
03389361
03388877
03388613
03388111
03388001
03387825
03387406
03386833
03386801
03386241
03386019
03384657
03384577
03383705
03383041
03383001
03382801
03382721
03382191
03382177
03381201
03380737
03380571
03380501
03380401
03379841
03379701
03379633
03379621
03379481
03379201
03379121
03378761
03378501
03378433
03378081
03377601
03377321
03376859
03376769
03376061
03376001
03374501
03374137
03373577
03373401
03373081
03372801
03372710
03372161
03371777
03371449
03371413
03371329
03370881
03370054
03369844
03369261
03369001
03368769
03368521
03368321
03368001
03367696
03367601
03367585
03367361
03367251
03366865
03366513
03366011
03364801
03364481
03364449
03364385
03364145
03364041
03363661
03363365
03363201
03363051
03362753
03361891
03360001
03359270
03358851
03358745
03357913
03357653
03357601
03357537
03357046
03356046
03355281
03354696
03354451
03354201
03354161
03353305
03353167
03352306
03351681
03351601
03350953
03350785
03350121
03349889
03349856
03349451
03349335
03348947
03348899
03348653
03348417
03347993
03347361
03346569
03345705
03345601
03344976
03344867
03344561
03344157
03342801
03342689
03342401
03341641
03341511
03340601
03340578
03340533
03340401
03340385
03340161
03340001
03339776
03339622
03339537
03339521
03339433
03337473
03337309
03336643
03336241
03336001
03335781
03335429
03335329
03335325
03334901
03334369
03334305
03334105
03334079
03333571
03332354
03332311
03331985
03331969
03330993
03330753
03330113
03329377
03329001
03328761
03326945
03326805
03325953
03325615
03322993
03322633
03322301
03322211
03322033
03321921
03321889
03321361
03321331
03321236
03319337
03319095
03318725
03318255
03317441
03316945
03316867
03316817
03316705
03316581
03316407
03315745
03315541
03314361
03314161
03314113
03313921
03313729
03313641
03313201
03312701
03311865
03311361
03311351
03310969
03310857
03310693
03310626
03310337
03310041
03309849
03309461
03308985
03308001
03307421
03306357
03306241
03304121
03304033
03303169
03303001
03302913
03302401
03302001
03301521
03301121
03301021
03300161
03299841
03298541
03298121
03297361
03296513
03296401
03295729
03295457
03295441
03294445
03293577
03292901
03292673
03292601
03292581
03291921
03291651
03291601
03291129
03290161
03290079
03289281
03288681
03287853
03286501
03286081
03285641
03285601
03284193
03284079
03284001
03283481
03283201
03282537
03282091
03280825
03280451
03280411
03280281
03280101
03280001
03279769
03279561
03279549
03279281
03279041
03279001
03278721
03278401
03278271
03277057
03276785
03276601
03276073
03276001
03275601
03274201
03272371
03272177
03272065
03272001
03271921
03271771
03271226
03270401
03270201
03269919
03269631
03269217
03269091
03269081
03268971
03268673
03268369
03267201
03266801
03266561
03266513
03266301
03266251
03266217
03265787
03265161
03264715
03264185
03264001
03263321
03263233
03263001
03262795
03262581
03262501
03262201
03262199
03261185
03259761
03259601
03259169
03259036
03258501
03258305
03257601
03256586
03256514
03256451
03256001
03255361
03254785
03254601
03254568
03254161
03253857
03253845
03253521
03253321
03253057
03252993
03252707
03252641
03252353
03251373
03251201
03250521
03250289
03250201
03249541
03249187
03249121
03248001
03247681
03247264
03246561
03246497
03246401
03245705
03245441
03245341
03245001
03244801
03244257
03243649
03242537
03242281
03242241
03242001
03241697
03241571
03240633
03240513
03240201
03240016
03239681
03239457
03239009
03238081
03236861
03236561
03236501
03235041
03235001
03234251
03233801
03233589
03233501
03232721
03232081
03231993
03231986
03231501
03231057
03230960
03230861
03230721
03230689
03230150
03229889
03229881
03229361
03228801
03228757
03228711
03228401
03228361
03228081
03227905
03227601
03227201
03227147
03226481
03226287
03225999
03225781
03225497
03225277
03224609
03224321
03224201
03223689
03221861
03221511
03220801
03219751
03218369
03217683
03216867
03216827
03216561
03216541
03215841
03215809
03215745
03215521
03215457
03215321
03214881
03214801
03214459
03213761
03212961
03212201
03212081
03211953
03211361
03211251
03211041
03210675
03210537
03210401
03210241
03209625
03209396
03209089
03209041
03206641
03206611
03205625
03204501
03204401
03204097
03203657
03202637
03201921
03201311
03201081
03200041
03200001
03199809
03199777
03198921
03198069
03197533
03197451
03197441
03196445
03196001
03195626
03195365
03195201
03194201
03194121
03193801
03193601
03193493
03193085
03193001
03192337
03192001
03191778
03191225
03190977
03190801
03190148
03190001
03189761
03188681
03188105
03188001
03187841
03187501
03187141
03187001
03186711
03186561
03186001
03185601
03183861
03183521
03182881
03182161
03180801
03180247
03179681
03179201
03178773
03178449
03178101
03177761
03177753
03177651
03177611
03177353
03177201
03177041
03176993
03176833
03176401
03176193
03175945
03175793
03174933
03174401
03174233
03174017
03173601
03172945
03172753
03172561
03171856
03171251
03171065
03170007
03169281
03167741
03167421
03167361
03167241
03167201
03166751
03166721
03166657
03166026
03165787
03165409
03164699
03164241
03163849
03163721
03163637
03162501
03160281
03160001
03159901
03159571
03159551
03158721
03158561
03158529
03158000
03157761
03157265
03157241
03156981
03156901
03156741
03156401
03156260
03156225
03156161
03156129
03155301
03155201
03155121
03154721
03154433
03153830
03153601
03152761
03152641
03152065
03151933
03150721
03150203
03149793
03149441
03147905
03147521
03146121
03145201
03144601
03144141
03144001
03143795
03143737
03143630
03143617
03143577
03142981
03142641
03142281
03141421
03141101
03141051
03140271
03140001
03139969
03139841
03139644
03139505
03139295
03138817
03138481
03137673
03137665
03137537
03137501
03137441
03137037
03135901
03134081
03133845
03132859
03132661
03132145
03131809
03130953
03130841
03130739
03130651
03130509
03130401
03130113
03129329
03129001
03128161
03128053
03127951
03127065
03127051
03127001
03125913
03125161
03125149
03125001
03124961
03124541
03124473
03124307
03124261
03123477
03123073
03122811
03122689
03122641
03122571
03122433
03122376
03121401
03121249
03121232
03121121
03121081
03120991
03120577
03120321
03118711
03118676
03118081
03117753
03117401
03116977
03116481
03116021
03115201
03114901
03114561
03114415
03114401
03114241
03113201
03112961
03112681
03112133
03112071
03111841
03111733
03111209
03111183
03110243
03109881
03109837
03109585
03109281
03109185
03108481
03108321
03108297
03108001
03107849
03107451
03106561
03106501
03105857
03104121
03103697
03103561
03102321
03101825
03101736
03101673
03101121
03101025
03100001
03099841
03099457
03099201
03097481
03096865
03096401
03095240
03095199
03094981
03094913
03094841
03094529
03094481
03094001
03093501
03091841
03091777
03091305
03091041
03090369
03090257
03088669
03088641
03088001
03087361
03086217
03085249
03084523
03084433
03083269
03082871
03082821
03082151
03081803
03081793
03081745
03081421
03081201
03080577
03079937
03079489
03079217
03077781
03077521
03077121
03076973
03076417
03076401
03076217
03075841
03075705
03075361
03073977
03073511
03073181
03072993
03072601
03072289
03072001
03071857
03071793
03071473
03071201
03070801
03070081
03069816
03069656
03069355
03068993
03068801
03068665
03068359
03068105
03067721
03067201
03066881
03066401
03065681
03065297
03065181
03064449
03064001
03063921
03063792
03063233
03062561
03061481
03061369
03060801
03060501
03060001
03059745
03059501
03059201
03059089
03058841
03058241
03057601
03057201
03057049
03056801
03056641
03056346
03055809
03055265
03055201
03054905
03054865
03054721
03054581
03054433
03054401
03053921
03053569
03053241
03053181
03052801
03052771
03052253
03050001
03049921
03049729
03049611
03049601
03049201
03048936
03048817
03048481
03048426
03048251
03047665
03047501
03046801
03046493
03046481
03046401
03046001
03045737
03045581
03045553
03045537
03044625
03043625
03043291
03043217
03043121
03042881
03041409
03041281
03040769
03040001
03039345
03038841
03037441
03037313
03036829
03036737
03036417
03036247
03036191
03036001
03035021
03034745
03034001
03033961
03033601
03033017
03032441
03032401
03032301
03031773
03031091
03030956
03030703
03027969
03027841
03027585
03024897
03024823
03024641
03024481
03024398
03024321
03024001
03023521
03022849
03022401
03021601
03021597
03021361
03021281
03020269
03020177
03019481
03019225
03018901
03018801
03018721
03018271
03017953
03017601
03017121
03016961
03016833
03016236
03016049
03015761
03015741
03015441
03015231
03015161
03015151
03014726
03014207
03013721
03013713
03013585
03013377
03012971
03010471
03009793
03009321
03008321
03008001
03007206
03007001
03006751
03006473
03006201
03004289
03002801
03002671
03002529
03001601
03001017
03000881
03000649
03000225
03000001
02999841
02999737
02999625
02998657
02998193
02998017
02997701
02997583
02997433
02996801
02996793
02995865
02995531
02995201
02994401
02994189
02993884
02993409
02993281
02992865
02992429
02992089
02991617
02991001
02990961
02990651
02990401
02990171
02989526
02989521
02988625
02988441
02988001
02987137
02986881
02986865
02986581
02986497
02985681
02985271
02984631
02984021
02983731
02983291
02983169
02982649
02982601
02981761
02981710
02980737
02980321
02980001
02979941
02979697
02979201
02978817
02978486
02978081
02977793
02977679
02976961
02976401
02976251
02976001
02975741
02975671
02975471
02975233
02975201
02975153
02974851
02974481
02973441
02972981
02972481
02972111
02972001
02971521
02971227
02971057
02970971
02970753
02968981
02968833
02968801
02968776
02968577
02968401
02967477
02967361
02967273
02966193
02965975
02965657
02965081
02965041
02964993
02964001
02963501
02963018
02962433
02962177
02962087
02961861
02961793
02961773
02961361
02961301
02960001
02959411
02959349
02959201
02958531
02958256
02958067
02957678
02957608
02957361
02956513
02956393
02956053
02955169
02954601
02954424
02953601
02953278
02953021
02952951
02952893
02952257
02952001
02951987
02950971
02950401
02950021
02949376
02949121
02948801
02948429
02947691
02947601
02946801
02945817
02945201
02945077
02945037
02944891
02943001
02942501
02941809
02941601
02941241
02941101
02940929
02940361
02940001
02939921
02939749
02938789
02938701
02937721
02937601
02937001
02936649
02936577
02936001
02935633
02934801
02934601
02933681
02932801
02932001
02931791
02930857
02930521
02930187
02929626
02928548
02928465
02927617
02926876
02926241
02925509
02925485
02924876
02924801
02924361
02924081
02924045
02923345
02922981
02922221
02922153
02921517
02921091
02921026
02920965
02920081
02918449
02918401
02917361
02917185
02916801
02916485
02915777
02915329
02914801
02914497
02914097
02914001
02913871
02912001
02911521
02910365
02909761
02909661
02909267
02909181
02908801
02908521
02908393
02908001
02907441
02907261
02907051
02906161
02905645
02905601
02904405
02904357
02903793
02903041
02902521
02902401
02902361
02902241
02902065
02901521
02901161
02900161
02899951
02899841
02899281
02899177
02898801
02898721
02897672
02897501
02896751
02896601
02896581
02896421
02896276
02896241
02896208
02895809
02895801
02895529
02895373
02895361
02895301
02894641
02894310
02893990
02893849
02893456
02893357
02893001
02892673
02892001
02891951
02891881
02891665
02891441
02891001
02890991
02890753
02890401
02890201
02889946
02888849
02888521
02888321
02888001
02887841
02887501
02886923
02886353
02885901
02885457
02884529
02884321
02883599
02883425
02883327
02883201
02883161
02882890
02882361
02882221
02881681
02881537
02881255
02881251
02880961
02880869
02880791
02880376
02880001
02879871
02879861
02879361
02878561
02878401
02877721
02877601
02876566
02876401
02875305
02874113
02873746
02873649
02872961
02872321
02871613
02871576
02870969
02870657
02870465
02870145
02869281
02868993
02868833
02868029
02867769
02867713
02867525
02867409
02867193
02867089
02866717
02866570
02866305
02865041
02864881
02863301
02862401
02862051
02861801
02861505
02861377
02861211
02861023
02860521
02860426
02860096
02859521
02858689
02857577
02857413
02857361
02857057
02856971
02856577
02856541
02856001
02855761
02855697
02855569
02855521
02855001
02854401
02853117
02852894
02852001
02851793
02851491
02850465
02849121
02848801
02847681
02846961
02846657
02846631
02846593
02846341
02845953
02845505
02844929
02844401
02844097
02844001
02843801
02842501
02842457
02842332
02841601
02841181
02840337
02840001
02839713
02839577
02839201
02838901
02838731
02837001
02835859
02835201
02834376
02834165
02833921
02833273
02833209
02832899
02832811
02832641
02832319
02831981
02831468
02831201
02830841
02830597
02830583
02830401
02830209
02830201
02830081
02829201
02829057
02828993
02828929
02828701
02827521
02827345
02826481
02825521
02824801
02824161
02824122
02824001
02823791
02823217
02822691
02821927
02821819
02821445
02821409
02820881
02820786
02820481
02820001
02819796
02819585
02818301
02817981
02817441
02817121
02816601
02816473
02815701
02815553
02815201
02815001
02814721
02814081
02813697
02813553
02812433
02810617
02810401
02809905
02809857
02809841
02809713
02809689
02809437
02809181
02809049
02808901
02808825
02807841
02807681
02807281
02806721
02806141
02805841
02805809
02805441
02804481
02804001
02803311
02803201
02803137
02802113
02801277
02801126
02801061
02800825
02800001
02799945
02799881
02799601
02799521
02799049
02797937
02797825
02797217
02797182
02796801
02796447
02796401
02795876
02795801
02795553
02795311
02795051
02794857
02794751
02794581
02794401
02793881
02793601
02793591
02793511
02793201
02792201
02792001
02791487
02791035
02790265
02789751
02789553
02789221
02789165
02789001
02788881
02788385
02788033
02787932
02786689
02786241
02785481
02785126
02784737
02784257
02783921
02783751
02781281
02781141
02780801
02780795
02780417
02779537
02779206
02779015
02779001
02778881
02778001
02777911
02777665
02776801
02776381
02774725
02774641
02774225
02771969
02771913
02771101
02770721
02770201
02769879
02768961
02768863
02768001
02767761
02766619
02766401
02766166
02766129
02765761
02765441
02765249
02765201
02764585
02764401
02764159
02763219
02763139
02763123
02762081
02761985
02761601
02761161
02760881
02760815
02760241
02760101
02759901
02759617
02759442
02759009
02758081
02757541
02757121
02756961
02756797
02756737
02756273
02755201
02755101
02755097
02755001
02754961
02754941
02754369
02754241
02753201
02752001
02751681
02751649
02751401
02750497
02750401
02750266
02750201
02749453
02748225
02748161
02748149
02747881
02746841
02746309
02745425
02744901
02744873
02743627
02743351
02742273
02741175
02740891
02740809
02740673
02740321
02739201
02739105
02738756
02738753
02738001
02737951
02737921
02737351
02737121
02736801
02736581
02735681
02735437
02734583
02734225
02734081
02734021
02734017
02733153
02733025
02732001
02731881
02731666
02731597
02731541
02731056
02730281
02730241
02729537
02727985
02727031
02726176
02725951
02724999
02724971
02724376
02724353
02723929
02722556
02722001
02721895
02721773
02720881
02720876
02720681
02720513
02720001
02719001
02718201
02717441
02717271
02716961
02714625
02714401
02714061
02713345
02711961
02711649
02710126
02709937
02709825
02709681
02709121
02708921
02708081
02707817
02706881
02706817
02706481
02705409
02705001
02704691
02703041
02702629
02702575
02702465
02702286
02702211
02701441
02700801
02700153
02699989
02699241
02699201
02698561
02697681
02697613
02696641
02696606
02696497
02695781
02695457
02695073
02694641
02694481
02694401
02693841
02693601
02692833
02692353
02691461
02691321
02691201
02691045
02690141
02689753
02689421
02688701
02688001
02687001
02686961
02686401
02686081
02685441
02685185
02685179
02685089
02684801
02684313
02683649
02682881
02682801
02682401
02681825
02681217
02681001
02680237
02680129
02680001
02678109
02677121
02676801
02676685
02676545
02676261
02675913
02675851
02675411
02674524
02674153
02673905
02673841
02673601
02672786
02671473
02670961
02669601
02669501
02668737
02668721
02668541
02668133
02666561
02666411
02666201
02665921
02665865
02665473
02665173
02664101
02664001
02663921
02663681
02663621
02663505
02663169
02662401
02661981
02661761
02661701
02661441
02661101
02660881
02660481
02660361
02659811
02659681
02658817
02658561
02657865
02657537
02656665
02655521
02655101
02655021
02654931
02654801
02654561
02654281
02654131
02653441
02652001
02651321
02651301
02649851
02649393
02649377
02649251
02649011
02648391
02648329
02647921
02647801
02647491
02646517
02646351
02646101
02645585
02644901
02643201
02643076
02643073
02642951
02642921
02642801
02642791
02641961
02640641
02640481
02639641
02638322
02638297
02638081
02637961
02637633
02637435
02636961
02636221
02635405
02634961
02634348
02633201
02633121
02633076
02632893
02632392
02632385
02632281
02632155
02631201
02631105
02630721
02630092
02629156
02629085
02629057
02628649
02628097
02628001
02627801
02627681
02627519
02627301
02627107
02626817
02626313
02625751
02625537
02624811
02624401
02623729
02623713
02623273
02623041
02622981
02622201
02621651
02621621
02621505
02621441
02621421
02621406
02620001
02619417
02618985
02618881
02618801
02618241
02617361
02617201
02617081
02614401
02614001
02613629
02613561
02613377
02612001
02610921
02610401
02609723
02609345
02609017
02608181
02607631
02607061
02607057
02606711
02606401
02606201
02606101
02605181
02604801
02604481
02604321
02604001
02603921
02603537
02603457
02601651
02600881
02600542
02600513
02600469
02600081
02600001
02599971
02599409
02598726
02598611
02598319
02598240
02598101
02597609
02597051
02596757
02596061
02595453
02595297
02595009
02594601
02593861
02593601
02593401
02593281
02592421
02592289
02592057
02591857
02591561
02591169
02591011
02590721
02590626
02590531
02589121
02588806
02588801
02588513
02588481
02587877
02587761
02587641
02587265
02586541
02585701
02585601
02585571
02585569
02585387
02585329
02585321
02585129
02585001
02584876
02584641
02584481
02584321
02584001
02583977
02582785
02582686
02582641
02582351
02582085
02582001
02581817
02581761
02581626
02580001
02579825
02579501
02579371
02579321
02579081
02578411
02578051
02577941
02577473
02577281
02577201
02577121
02576865
02575521
02575184
02575009
02574701
02573537
02573137
02572641
02572569
02571101
02571057
02570961
02570693
02570001
02569729
02569501
02568987
02568751
02568377
02568271
02567705
02567657
02567571
02567501
02567301
02567251
02566945
02566273
02566181
02565901
02565121
02564881
02564713
02564609
02564381
02564201
02563841
02563501
02563201
02562541
02562129
02561445
02561081
02560817
02560001
02559681
02559409
02559009
02558721
02558593
02558017
02557485
02557241
02557025
02556850
02556549
02556481
02556291
02556177
02556001
02555937
02555157
02555069
02555001
02554531
02553701
02553601
02552641
02552501
02552465
02552427
02552321
02552185
02552001
02551297
02551009
02550001
02549761
02549521
02549450
02549057
02548477
02548448
02547601
02547499
02547409
02546731
02546390
02545607
02545601
02545101
02544705
02544401
02544001
02543969
02543593
02543548
02542537
02542401
02539811
02539682
02539646
02539401
02539231
02539201
02538741
02538605
02538313
02538241
02538113
02537601
02537053
02536961
02536177
02536001
02535353
02535001
02534913
02534905
02534145
02533401
02533141
02532541
02532321
02531945
02531841
02531767
02531513
02531225
02530841
02530305
02530251
02529751
02529281
02528977
02528326
02528031
02527841
02527401
02527361
02527241
02527233
02527181
02526561
02526441
02525779
02524865
02524801
02524161
02523601
02521921
02521507
02521441
02521401
02520962
02520889
02519681
02518417
02517201
02517091
02516982
02516691
02516401
02515865
02514711
02514689
02514485
02514241
02513720
02513527
02513441
02513417
02513057
02512801
02512769
02512641
02511501
02510961
02510945
02510719
02510051
02510001
02509311
02509071
02509041
02508656
02508049
02507961
02507781
02507602
02507441
02506881
02506001
02504961
02504737
02504641
02504181
02504071
02503861
02503841
02503431
02503169
02501148
02500609
02500471
02500178
02500161
02500097
02500081
02500061
02500001
02499711
02499245
02498401
02498001
02497985
02497809
02497801
02496869
02496801
02495780
02495233
02495121
02494833
02494801
02494697
02494301
02494001
02493921
02493431
02493391
02492801
02492635
02491281
02491201
02490801
02489441
02487721
02487501
02485761
02484937
02484501
02483473
02482113
02481921
02480731
02480641
02479761
02479353
02478857
02478801
02478769
02478553
02477441
02475761
02475601
02475577
02475521
02475517
02475501
02474865
02474489
02474454
02473889
02473241
02473017
02472261
02472201
02472033
02471681
02471401
02471289
02470881
02470673
02470501
02470401
02469237
02469139
02469061
02467953
02467841
02467247
02467201
02467193
02466817
02466689
02465911
02465569
02465503
02465351
02465281
02465061
02464881
02464641
02463361
02462501
02461857
02461761
02461103
02460601
02460049
02459545
02459029
02458861
02458761
02458309
02458081
02457769
02457217
02456451
02456321
02455748
02455231
02454769
02454691
02454601
02454401
02454001
02453929
02453681
02453601
02453279
02453169
02452913
02451201
02451121
02451051
02450841
02450529
02450001
02449921
02449851
02449521
02449377
02448801
02448651
02447911
02447601
02447141
02446601
02446529
02446441
02445161
02444311
02444297
02443161
02442773
02442641
02441329
02441281
02441217
02441021
02440837
02439001
02438313
02438093
02436097
02435816
02435193
02435001
02434799
02434771
02433851
02433025
02432989
02432741
02432641
02432611
02432073
02432001
02431701
02431076
02430951
02430417
02429953
02429697
02429345
02428861
02428497
02428057
02427826
02427377
02427084
02427021
02426936
02425761
02425481
02425251
02424705
02424449
02424321
02424297
02423201
02423199
02422641
02422051
02421745
02421481
02421441
02421294
02420993
02419346
02419209
02419201
02419121
02418401
02416513
02416251
02415905
02415901
02415461
02415001
02414771
02414146
02414081
02413089
02412161
02411601
02410881
02410626
02410241
02409601
02409573
02409261
02408961
02408141
02407793
02407511
02406401
02405857
02405601
02405001
02404865
02404661
02404601
02403841
02403745
02403401
02403281
02403241
02402401
02402291
02402221
02400486
02400385
02399594
02399265
02399217
02399189
02398249
02397552
02397521
02397001
02396601
02396241
02396141
02395841
02395617
02395593
02395441
02395309
02395017
02394001
02393979
02393921
02393521
02393478
02392581
02392401
02391811
02390785
02390281
02390241
02390201
02389985
02388161
02387201
02386833
02386801
02385713
02385497
02384361
02384001
02383489
02382049
02381825
02381429
02381001
02380719
02380001
02379856
02379233
02379049
02378937
02378721
02378601
02378369
02378241
02377601
02377401
02377201
02377051
02377001
02376961
02376521
02375001
02374977
02374966
02374831
02374347
02373857
02373751
02373201
02373033
02372501
02372042
02372001
02371841
02371001
02370881
02370497
02370481
02370433
02370001
02369521
02369161
02369057
02368597
02368001
02367341
02366721
02366481
02366271
02366121
02365545
02365441
02363521
02363041
02362614
02362297
02362171
02361325
02360811
02360657
02360595
02360281
02359201
02358946
02358785
02358361
02358049
02357889
02357793
02357505
02357321
02357281
02357269
02356121
02355863
02355601
02355233
02355129
02354817
02354577
02354177
02353861
02353361
02353246
02353153
02352196
02352001
02351836
02351361
02350337
02350127
02349793
02349601
02349241
02349193
02349097
02348801
02348401
02348321
02348197
02347301
02346969
02346241
02346017
02345857
02345601
02345491
02344993
02344881
02344803
02344793
02344577
02344361
02342785
02342283
02341121
02340715
02340713
02338081
02338049
02338001
02337881
02337769
02336601
02335881
02335840
02335801
02335345
02335211
02334801
02334685
02333441
02332245
02331761
02331566
02330743
02329769
02329226
02328501
02328001
02327881
02327601
02327041
02326995
02326017
02325981
02325841
02325761
02325377
02325105
02324145
02323842
02323001
02322761
02322561
02322411
02322301
02321429
02321281
02320841
02320001
02319491
02318881
02318465
02317641
02317001
02315471
02314941
02314701
02314061
02314001
02313081
02312641
02312471
02312065
02310781
02310764
02310753
02310751
02310033
02308691
02308491
02308353
02308321
02307881
02307677
02307461
02307296
02306533
02305689
02305601
02305281
02305185
02305041
02304961
02304769
02304639
02304601
02304401
02304241
02304011
02303497
02302689
02302685
02302471
02301801
02300865
02300817
02300763
02300641
02300609
02300465
02299721
02299593
02299431
02299053
02299045
02299001
02298533
02298401
02298115
02298001
02297857
02297793
02297098
02297033
02295917
02295076
02295001
02293841
02293665
02292389
02291526
02291201
02290521
02290401
02290001
02289751
02289505
02289401
02289057
02288993
02288743
02288501
02288449
02288265
02288001
02287841
02286811
02286289
02285971
02285251
02284801
02284409
02284105
02284001
02283825
02283681
02283313
02283137
02282001
02281744
02281641
02281501
02280961
02280353
02280065
02279821
02279751
02279303
02277505
02277201
02277121
02276640
02276471
02276001
02275841
02275413
02275353
02275226
02275073
02275001
02274445
02274361
02273971
02273105
02272961
02272857
02272501
02272401
02272001
02271476
02270901
02270161
02270001
02269697
02268973
02267865
02267825
02267787
02267601
02267425
02267261
02267001
02266929
02266401
02266240
02266081
02265089
02263879
02263553
02263513
02262401
02261201
02261171
02260917
02260001
02259451
02258853
02258801
02258689
02258301
02258193
02257897
02257553
02257423
02256001
02255521
02255241
02255121
02255041
02254901
02253853
02253731
02253569
02253281
02252941
02252545
02251397
02250801
02250673
02250401
02250331
02250321
02250001
02249521
02248861
02248509
02248001
02247921
02247201
02247121
02246903
02246801
02246401
02245289
02244965
02244631
02244171
02244153
02244101
02243876
02242881
02242817
02242561
02242103
02241537
02241473
02241441
02241345
02241281
02241251
02241225
02241025
02240421
02240401
02240129
02240001
02238209
02237041
02236977
02236771
02236481
02236361
02236161
02235721
02235473
02235057
02234781
02234704
02234561
02232961
02232801
02231761
02230785
02230753
02230701
02230625
02229761
02229673
02228721
02228401
02227969
02227921
02227591
02227476
02227413
02227401
02227201
02227101
02227089
02227001
02226713
02226561
02226209
02226129
02225841
02225601
02224841
02224641
02224407
02224141
02222641
02222497
02222281
02222081
02222001
02221101
02220909
02220801
02220761
02220221
02219352
02219265
02219201
02218821
02218145
02217051
02216641
02215841
02215681
02215633
02214977
02214967
02214601
02214145
02214081
02213121
02212877
02212441
02212341
02212161
02210401
02210091
02210011
02209041
02208320
02208001
02207133
02206421
02206401
02206301
02205903
02205761
02205736
02205021
02205001
02204929
02202929
02201761
02201521
02200777
02200161
02200001
02199873
02199185
02199021
02198825
02198691
02197851
02196801
02196529
02195201
02193801
02193153
02193121
02192717
02192001
02191641
02191621
02191425
02190081
02189281
02188161
02188081
02186601
02184145
02183399
02182641
02182401
02181341
02180896
02179535
02179143
02178001
02177803
02177665
02177559
02176889
02176751
02176461
02176449
02176401
02176041
02176001
02175881
02175601
02175045
02174721
02174401
02174251
02173953
02173441
02173001
02172801
02171901
02171577
02171521
02171361
02171297
02170661
02170657
02170565
02170124
02170081
02169921
02169345
02167281
02166576
02166343
02165885
02165443
02165281
02165101
02164889
02164625
02163613
02163593
02163481
02163250
02161905
02161626
02161537
02161153
02160881
02160681
02160293
02159501
02159391
02158901
02158641
02158401
02157969
02157741
02156897
02156833
02156801
02156497
02156449
02155846
02155721
02154817
02154233
02153689
02153601
02153411
02152929
02152537
02152337
02152297
02152247
02152237
02152217
02152001
02151724
02151137
02150701
02150601
02149626
02148745
02147857
02147793
02146489
02146001
02145421
02145404
02144257
02143305
02143287
02143081
02142881
02142801
02142501
02142041
02140801
02140562
02139777
02139001
02138695
02137785
02137601
02137153
02136321
02136001
02135761
02135718
02135361
02134823
02133945
02133701
02133185
02132367
02131553
02131361
02131261
02131251
02130785
02130301
02130297
02129649
02129417
02129301
02128449
02127729
02126813
02125761
02125734
02125717
02125251
02125249
02125001
02124761
02124361
02124237
02123826
02123241
02123201
02123121
02122721
02122673
02122506
02122081
02120961
02120841
02120401
02120001
02118801
02118401
02117233
02115969
02115947
02115361
02115201
02114601
02113581
02113561
02113217
02112961
02112193
02112021
02111667
02111201
02110161
02110121
02109669
02108971
02108561
02108265
02107921
02107545
02107361
02107153
02106492
02105801
02105601
02105125
02104881
02104721
02103617
02103393
02103325
02103257
02103041
02102913
02102801
02102689
02102465
02101905
02101747
02101313
02100971
02100865
02100737
02100721
02099937
02099905
02099681
02099201
02098489
02098281
02097877
02097371
02097353
02097201
02097169
02097111
02096641
02096517
02096251
02094801
02094489
02093481
02093389
02093361
02090881
02090331
02090301
02090267
02089992
02089928
02089427
02089201
02088721
02088641
02088334
02088001
02087985
02087761
02087681
02087617
02087321
02087041
02086691
02084121
02083841
02083701
02083313
02083137
02082625
02082485
02082353
02081861
02081727
02081169
02080411
02080025
02080001
02079969
02079841
02078949
02078497
02078401
02077753
02077569
02077565
02077539
02076161
02076033
02075877
02075781
02075601
02075121
02074791
02074301
02074201
02073681
02072323
02071881
02071745
02071044
02070881
02069761
02069641
02068753
02067201
02066897
02066113
02066001
02065481
02065409
02065201
02064817
02064761
02064751
02064501
02064481
02064321
02064247
02063929
02063297
02063257
02063033
02062677
02061553
02061441
02060801
02060673
02060409
02060401
02060161
02059376
02059361
02059265
02058033
02057589
02057521
02057361
02057301
02057201
02056641
02056113
02055385
02055174
02055041
02054921
02054837
02054626
02054601
02053601
02053569
02053521
02053201
02053061
02051305
02050817
02050581
02049601
02049193
02048601
02048001
02047629
02047511
02046577
02046513
02046497
02046126
02046001
02045649
02045321
02045209
02045021
02044401
02043421
02043201
02042961
02042885
02042769
02042676
02042513
02042501
02041337
02041299
02040501
02040161
02040001
02039201
02038881
02038145
02037717
02036001
02035713
02034781
02034711
02034529
02033937
02033301
02032737
02032513
02032351
02031841
02031641
02031501
02031457
02031357
02031091
02029769
02029601
02028751
02028561
02027001
02025803
02025793
02025729
02025517
02025141
02025121
02024421
02024225
02023421
02022711
02021861
02021621
02021591
02021481
02021251
02020661
02020101
02019281
02019025
02019006
02019001
02018953
02018771
02018621
02018201
02017601
02017524
02017201
02017141
02016657
02016001
02015581
02015251
02015041
02014641
02013681
02013421
02012801
02012681
02012541
02011973
02011636
02011451
02011073
02010021
02009601
02009449
02009057
02008957
02008701
02008663
02008577
02008193
02007041
02006121
02006051
02006017
02005601
02005510
02004836
02004457
02004441
02004001
02003841
02003301
02003201
02002945
02002681
02001411
02001410
02001409
02000821
02000361
02000001
01999971
01999257
01999021
01998337
01998069
01997521
01997281
01997257
01997185
01996401
01995601
01995501
01995257
01995141
01995009
01992993
01991921
01991601
01991501
01991451
01990081
01989121
01988733
01987993
01987665
01987147
01987041
01986561
01985409
01985297
01985281
01984737
01984666
01984463
01984376
01983751
01983701
01983281
01982873
01982346
01982273
01982161
01982031
01981631
01981171
01981101
01980505
01979501
01978411
01978101
01977921
01977501
01977473
01977121
01976405
01975265
01975101
01974801
01974177
01973761
01973729
01973185
01972737
01972501
01972171
01972035
01971933
01971451
01970856
01970671
01970001
01969921
01969397
01969313
01969151
01968913
01968833
01968481
01968217
01968001
01967241
01966875
01966601
01966561
01966406
01966097
01965561
01965526
01965425
01965313
01964863
01964841
01964801
01964673
01963793
01962753
01962041
01961977
01961726
01961601
01961473
01961301
01960947
01960201
01960041
01959833
01959745
01959393
01958771
01958721
01958529
01958001
01957387
01957255
01957026
01956841
01956353
01955969
01955751
01955741
01955569
01955241
01954501
01954321
01954193
01953793
01953329
01953281
01952257
01952251
01952201
01952001
01951481
01950849
01950813
01950721
01950369
01949053
01948857
01948833
01948751
01948161
01947351
01946619
01945801
01943933
01943657
01943425
01942929
01942641
01942513
01942465
01942102
01941601
01939621
01938656
01938357
01937953
01937921
01937631
01937177
01936001
01935041
01934081
01932661
01932639
01931875
01931809
01931521
01931165
01930769
01930362
01929501
01929457
01929101
01928961
01927871
01927601
01927461
01927041
01927001
01926895
01926575
01926001
01925851
01925401
01924561
01924161
01923751
01923529
01923088
01922945
01922753
01922516
01922201
01922041
01921793
01921301
01921089
01920601
01920001
01918861
01918465
01917881
01917591
01917366
01916501
01916241
01915781
01914001
01913985
01913937
01913501
01913021
01912969
01912893
01912809
01912501
01912001
01911841
01911793
01911649
01911501
01911377
01910401
01910017
01909441
01909201
01908037
01907105
01906631
01906433
01904385
01904001
01903905
01903746
01902342
01901905
01901488
01900345
01899737
01899501
01898505
01898201
01898069
01897841
01897761
01897401
01896769
01895746
01895661
01895501
01894836
01894651
01894234
01894049
01892967
01892481
01892360
01892241
01892193
01891585
01891441
01890881
01890273
01888961
01888235
01887441
01887329
01887321
01886901
01886721
01886601
01886561
01886321
01885876
01885521
01884621
01883211
01882881
01882509
01882249
01881171
01880391
01880001
01879813
01879809
01879801
01879645
01879601
01879201
01879041
01878751
01878321
01878121
01877721
01876609
01876545
01876385
01876001
01875725
01875697
01875553
01874368
01873921
01873161
01872977
01872898
01872321
01872201
01872001
01871032
01870977
01870401
01870321
01870273
01869953
01869826
01869121
01869065
01868897
01868301
01868289
01867921
01867841
01867522
01867203
01866241
01866201
01865721
01865281
01864657
01863001
01861633
01861569
01860356
01860001
01859601
01859591
01859573
01859521
01859500
01859201
01858531
01858521
01858421
01858401
01858361
01857777
01857665
01857579
01857001
01856921
01856545
01856516
01856001
01855361
01855301
01853993
01851013
01850701
01849721
01849096
01848901
01848769
01848601
01848041
01847473
01846876
01846561
01846401
01846201
01846081
01845761
01845337
01845161
01845104
01844901
01844737
01844561
01844521
01844411
01844097
01844049
01843581
01843201
01842921
01842881
01842737
01841985
01841821
01840751
01840257
01839979
01839741
01839631
01839401
01839041
01838681
01838505
01838422
01838177
01837937
01837905
01837569
01836801
01835001
01834955
01834881
01834561
01834445
01834241
01833793
01833601
01833377
01833061
01833057
01832961
01832521
01832027
01831665
01831641
01831501
01831361
01830889
01830411
01830311
01830237
01830081
01830001
01829761
01829601
01829337
01829181
01829071
01829041
01829001
01828601
01828577
01828461
01828041
01827851
01827239
01827049
01826901
01826857
01826477
01826321
01826201
01825851
01825761
01825409
01825281
01824985
01824897
01824513
01824409
01824001
01823461
01823351
01823001
01822569
01822403
01822121
01821601
01821525
01821499
01821211
01821169
01821001
01819267
01818777
01818521
01818401
01817601
01817379
01817281
01816897
01816571
01815866
01814465
01814048
01813921
01813845
01813761
01813521
01812865
01812237
01811649
01811601
01810289
01810201
01809573
01809153
01809137
01807681
01807677
01807141
01807121
01806721
01806720
01805801
01805129
01804801
01804761
01804035
01804023
01803485
01803185
01803105
01802881
01802041
01801985
01801721
01801501
01800129
01799809
01799041
01798785
01798401
01798169
01797761
01797076
01796801
01796509
01796161
01796001
01795517
01795073
01794621
01794465
01794393
01793508
01793361
01792897
01792129
01792001
01791547
01790977
01790657
01790473
01790351
01789441
01789301
01789085
01789021
01788957
01787665
01787649
01787009
01786501
01786001
01785985
01785515
01785441
01785429
01785081
01784041
01783751
01783601
01783201
01783151
01783101
01782501
01781981
01781577
01781505
01780353
01778401
01778038
01778011
01777269
01776513
01775371
01775313
01774947
01774331
01774312
01774081
01773913
01773841
01773471
01773289
01773001
01772961
01772161
01772033
01771841
01771441
01771121
01770001
01769981
01769861
01768361
01768341
01768161
01767169
01766537
01766401
01766001
01765121
01765001
01763529
01763525
01763441
01762421
01762161
01762151
01762001
01761905
01761129
01761057
01760601
01760265
01760001
01759483
01758871
01758721
01758501
01757016
01756233
01755777
01755201
01754537
01753025
01752911
01752801
01751301
01751001
01750001
01749497
01749247
01749089
01748845
01748609
01748494
01748321
01748281
01747841
01747713
01746945
01745913
01745153
01744881
01744102
01743721
01743633
01743601
01743593
01743361
01742181
01742076
01742041
01741557
01741489
01741241
01740026
01739901
01739841
01739201
01738506
01738501
01738381
01738026
01737942
01737715
01737641
01736913
01736801
01736119
01735969
01735953
01735801
01735035
01734841
01734826
01734581
01734577
01734401
01733131
01733026
01732889
01732437
01732241
01732161
01731841
01731716
01731330
01730481
01730173
01729901
01729041
01728513
01727361
01727331
01726785
01726751
01726140
01726001
01725545
01725351
01725137
01724801
01723473
01722341
01722209
01722001
01721817
01721801
01721537
01721429
01721371
01721201
01720641
01720321
01719521
01719201
01719139
01718911
01717761
01717681
01716681
01716651
01715693
01715281
01714601
01713921
01713529
01712807
01712701
01712557
01711905
01711821
01711721
01710661
01710209
01710011
01710001
01709991
01709529
01709313
01709195
01708421
01708385
01707449
01707081
01706881
01706769
01706553
01706033
01705761
01705751
01705505
01705041
01704721
01704249
01703941
01703389
01703281
01702936
01702881
01702721
01702693
01702673
01702501
01702001
01701433
01701371
01701249
01700913
01700497
01700449
01700321
01699825
01699801
01699641
01697633
01697121
01697055
01695701
01695001
01694601
01694201
01693985
01693761
01693751
01693529
01693371
01692977
01691841
01691776
01691713
01690359
01689851
01689601
01689081
01688342
01688065
01687913
01686081
01685841
01685769
01685761
01685601
01683849
01683841
01683511
01682948
01682621
01682529
01682089
01681953
01681665
01681081
01680641
01680321
01680121
01680001
01679606
01678873
01678151
01677321
01677231
01676621
01676501
01676385
01676177
01676161
01676091
01675939
01675681
01675555
01675173
01675136
01674561
01674401
01674369
01674226
01674198
01673817
01673601
01673361
01672961
01671661
01670401
01670041
01669761
01669421
01669201
01669101
01668097
01667201
01667011
01666689
01665825
01665441
01665331
01665001
01664001
01663321
01662876
01662641
01662601
01662401
01662093
01662001
01661537
01661505
01661281
01660001
01659905
01659661
01658561
01658281
01657687
01657595
01657281
01655761
01655463
01655001
01654993
01654657
01654193
01653761
01653561
01653401
01652449
01651721
01651201
01650481
01650421
01650001
01649921
01649841
01649739
01649681
01649281
01648841
01648801
01648726
01648625
01648601
01648449
01648261
01648129
01647853
01647561
01647233
01647201
01647193
01646433
01645981
01645953
01645601
01645302
01644877
01644801
01644729
01643841
01643271
01643001
01642730
01642377
01641601
01641561
01641221
01640790
01640733
01640551
01640001
01639425
01638977
01638809
01638521
01638433
01638401
01638273
01637849
01637601
01636609
01636481
01636326
01636313
01636041
01635801
01635501
01635001
01633841
01633761
01632593
01632532
01632301
01632261
01632161
01632081
01631719
01631601
01631593
01631558
01631409
01631401
01630977
01630241
01629441
01629221
01628601
01628561
01628545
01628301
01628126
01628001
01627919
01627761
01627505
01627437
01627421
01627207
01627009
01626113
01624921
01624641
01624591
01623475
01623265
01623121
01623001
01622801
01622401
01621425
01621321
01620801
01619831
01619321
01618926
01617777
01617515
01617511
01617361
01616556
01616259
01615393
01615169
01614776
01614701
01614649
01614045
01614001
01613601
01613553
01613472
01612576
01612545
01612161
01609871
01609329
01609121
01609001
01608785
01608641
01608101
01607835
01607585
01607576
01607301
01607161
01606861
01606849
01606697
01606291
01605161
01605111
01605051
01604971
01604569
01603593
01602438
01602185
01602001
01601953
01600921
01600691
01600237
01600193
01600001
01599801
01599377
01599151
01598641
01598177
01597601
01597426
01596801
01596125
01595041
01594881
01594201
01593551
01593401
01592901
01592785
01592513
01592001
01591816
01591025
01590725
01590545
01590221
01589417
01588433
01588001
01587585
01587521
01586177
01585897
01585811
01584097
01583351
01583345
01582841
01582681
01582601
01582369
01581814
01581801
01580881
01580305
01580061
01580041
01579777
01579649
01579601
01579431
01578881
01578561
01578241
01578113
01577505
01576051
01576001
01575447
01575201
01574641
01574401
01573153
01572837
01572801
01571585
01571301
01570305
01570249
01569505
01569281
01568897
01568225
01567777
01565809
01565801
01564929
01564857
01564401
01564033
01563701
01563265
01563021
01562501
01562297
01562169
01561641
01561601
01561169
01560501
01560321
01560001
01556993
01556759
01556481
01555729
01555393
01555233
01554901
01553921
01553291
01552851
01552834
01552641
01552321
01551728
01549501
01549041
01548681
01547611
01547161
01547105
01545916
01545556
01545201
01544961
01544873
01543881
01542551
01542451
01542401
01542301
01542053
01542025
01541773
01541053
01539393
01538751
01538401
01537601
01537261
01536203
01536001
01535796
01535649
01535401
01535001
01534784
01534753
01534241
01534217
01534081
01533697
01533633
01533001
01532861
01531801
01531393
01531201
01531165
01530577
01530401
01529681
01529521
01529511
01529217
01528597
01527841
01527089
01526233
01526221
01525101
01524535
01524373
01524099
01523094
01523041
01522895
01522801
01520769
01520641
01520261
01520001
01519801
01519169
01518881
01518616
01518465
01517817
01517581
01517529
01517321
01516883
01516001
01515521
01515201
01514881
01514801
01514401
01514057
01514001
01513681
01512440
01512081
01511865
01511651
01511113
01510801
01510486
01510425
01510181
01510125
01508706
01508609
01508601
01508561
01507841
01507321
01507266
01506433
01506391
01506201
01505995
01505969
01505741
01505461
01504321
01504297
01504001
01503617
01502813
01501869
01501601
01501529
01501311
01498753
01498681
01498585
01498401
01498049
01497601
01497345
01496785
01496321
01496161
01496001
01495917
01495531
01495081
01494535
01494401
01494017
01493901
01493761
01493745
01492793
01492097
01491702
01491318
01491061
01490768
01490601
01490401
01489313
01489201
01488825
01488513
01488481
01488401
01487449
01487105
01486465
01485761
01485615
01485581
01485208
01485169
01484673
01484601
01484007
01483801
01483679
01483041
01482701
01482621
01482497
01481831
01481729
01481601
01480911
01480001
01479681
01479361
01478913
01478726
01478461
01478401
01477202
01476881
01476321
01475169
01474728
01474271
01474169
01472941
01472881
01472161
01472101
01472081
01471481
01471345
01470801
01469729
01469401
01468209
01468001
01467999
01467829
01467201
01466241
01466126
01466001
01465761
01464577
01464001
01463521
01462801
01462641
01462401
01461537
01460401
01460201
01459441
01458601
01458401
01458164
01457937
01457345
01457245
01456501
01455775
01455601
01454961
01454657
01454529
01454261
01452537
01452049
01451843
01451601
01451265
01451001
01450273
01449051
01448961
01448801
01448171
01447937
01447859
01447681
01447497
01447001
01446105
01446001
01445861
01444775
01444531
01444497
01444441
01444345
01443457
01443265
01443101
01442999
01442649
01442601
01442229
01441161
01441025
01440921
01440761
01440577
01440367
01439361
01438901
01438461
01437841
01437815
01437775
01437657
01437233
01436912
01436561
01436001
01435841
01434689
01434643
01433785
01433601
01432381
01432171
01432001
01431726
01431501
01431446
01431416
01431117
01431001
01430801
01429853
01429121
01428745
01428525
01428383
01428237
01428173
01428156
01427956
01427537
01427201
01426703
01425601
01424465
01424446
01424233
01424001
01423841
01422101
01422001
01421689
01421601
01421461
01420921
01420801
01420711
01420565
01419918
01419481
01419376
01418605
01418401
01417881
01417121
01416501
01416321
01416041
01415181
01415097
01414401
01413516
01412801
01412311
01412099
01412001
01411841
01411697
01411425
01411201
01411145
01410767
01410579
01409897
01409777
01409601
01408691
01408481
01408249
01408065
01408001
01407639
01407585
01407201
01406721
01406209
01405801
01405401
01405001
01404421
01403801
01403697
01403501
01403281
01402989
01402841
01402237
01401981
01401601
01401313
01401169
01400721
01400577
01400481
01400305
01400173
01400121
01400071
01400001
01399810
01399545
01399297
01398801
01398201
01397501
01397341
01396929
01395461
01394369
01394341
01394177
01393153
01393001
01392641
01392221
01391461
01391441
01391001
01390907
01390881
01390701
01390546
01390431
01389701
01389445
01389001
01388857
01388749
01387996
01387681
01387677
01386321
01386261
01385977
01385537
01385031
01384941
01384771
01384001
01383476
01383417
01382401
01381349
01381329
01381241
01381101
01380901
01380871
01380501
01380401
01379857
01379309
01378741
01378721
01378501
01378401
01377881
01377281
01377101
01376958
01376951
01376921
01376201
01376001
01375969
01375761
01375377
01375009
01374646
01374473
01373753
01373751
01371777
01371601
01369601
01368975
01367545
01366861
01366777
01366465
01366401
01365626
01365249
01365007
01364861
01364393
01364225
01364001
01363401
01363137
01363053
01361521
01360001
01359401
01359201
01358465
01358281
01358041
01357652
01357401
01357001
01356909
01356617
01356561
01356065
01356001
01355009
01353749
01353701
01353609
01353217
01353201
01353095
01352801
01352561
01352401
01352121
01351981
01351813
01351201
01351121
01350977
01350743
01350501
01350145
01349617
01349121
01348297
01348099
01347681
01346789
01346771
01346321
01345780
01345237
01345025
01344961
01344801
01344471
01344081
01344001
01343486
01343425
01343233
01342961
01342241
01342001
01341561
01341211
01341121
01339921
01339601
01339377
01339281
01338501
01338241
01337601
01336689
01336577
01336325
01336129
01335505
01335376
01334841
01334401
01334281
01334019
01333864
01333825
01333791
01332901
01332001
01331445
01331345
01331169
01330945
01330241
01330153
01329901
01329601
01329013
01328881
01326849
01326561
01325665
01324865
01324581
01324169
01323641
01323329
01323001
01322909
01322751
01322401
01322241
01322001
01321681
01321601
01320561
01319665
01318401
01318101
01318017
01317921
01317681
01317281
01316705
01316088
01315577
01315493
01314721
01314033
01313071
01313001
01312545
01312525
01312295
01312001
01311643
01311489
01311221
01311127
01310671
01310437
01310081
01310001
01309906
01309245
01308806
01308751
01308606
01308481
01308476
01308361
01308161
01307937
01306150
01306081
01305601
01305491
01305121
01304907
01304401
01303041
01302161
01301941
01301781
01301761
01301501
01301001
01300671
01300481
01300225
01300202
01300153
01300045
01300001
01299361
01298945
01298889
01298761
01295025
01294401
01294385
01294081
01292545
01292521
01292401
01291521
01291101
01291001
01290961
01290921
01290081
01290001
01289581
01289091
01288377
01288017
01287681
01286401
01286337
01285405
01285377
01285121
01284851
01284217
01284001
01283813
01283809
01283451
01283417
01283201
01283041
01282961
01282902
01282726
01282655
01281351
01281201
01280401
01280161
01280121
01280001
01279377
01279185
01278401
01278361
01278055
01277121
01277076
01277073
01276917
01276485
01276461
01276441
01276289
01276097
01275713
01275705
01275221
01275137
01273873
01273441
01271665
01271585
01271417
01271381
01271233
01271201
01271169
01270881
01270039
01269971
01269867
01269761
01269393
01269329
01269141
01268801
01268787
01268781
01268741
01268641
01267893
01267141
01267057
01267001
01266501
01266401
01266293
01266273
01266145
01266017
01265801
01265441
01263889
01263041
01262713
01262401
01261577
01261493
01261331
01260577
01259001
01258341
01258003
01258001
01257717
01257501
01257409
01257081
01256741
01256191
01255221
01254850
01254563
01253871
01253501
01253473
01253301
01253201
01253121
01252824
01252687
01252476
01252385
01252001
01250961
01250335
01250001
01249921
01249601
01249426
01249017
01248513
01248480
01248066
01248001
01247113
01246451
01245561
01244417
01244161
01243905
01243801
01243665
01243161
01242113
01242101
01241697
01240961
01240053
01240001
01239841
01239089
01238767
01238337
01238101
01237501
01237381
01237251
01236865
01235641
01234961
01234921
01234049
01233973
01233913
01233761
01233639
01233553
01233091
01232641
01231649
01231185
01231101
01230001
01229825
01229161
01228497
01227441
01226951
01226585
01226241
01225601
01225251
01225001
01224967
01224861
01224517
01224501
01224001
01223841
01222721
01222245
01221805
01220801
01220657
01220467
01220405
01220369
01220001
01218117
01218036
01217481
01217181
01216041
01216001
01215681
01215201
01215026
01214721
01214625
01214401
01213801
01213681
01213407
01213406
01213195
01213094
01212769
01211461
01209651
01209601
01209217
01208726
01208081
01208041
01208001
01207583
01207141
01206397
01206373
01205569
01205441
01205121
01204193
01203201
01202729
01202387
01202081
01201601
01200771
01200465
01200001
01199497
01199361
01199265
01198199
01198020
01197841
01197441
01197330
01196226
01196001
01195849
01195797
01194881
01194329
01194301
01194221
01193886
01193001
01191945
01191681
01191021
01190523
01189945
01189883
01189001
01188801
01188353
01187065
01186753
01186561
01186477
01185693
01185521
01185281
01184721
01184641
01184257
01184049
01183441
01183253
01182951
01182921
01181276
01181081
01180921
01180861
01180806
01180673
01179905
01179501
01179393
01177857
01177521
01177347
01176521
01176223
01175676
01175201
01175005
01174673
01174501
01173801
01172813
01171959
01171905
01171876
01171569
01170337
01170049
01169889
01169861
01169526
01168701
01168551
01168001
01167941
01167617
01167491
01167251
01167201
01166251
01166201
01165997
01165821
01165541
01165301
01164641
01163993
01162059
01161641
01161232
01160961
01160901
01160729
01160705
01160673
01160526
01160217
01160025
01160001
01159817
01159425
01159001
01158849
01158841
01158465
01158401
01158273
01158177
01158171
01157633
01157601
01157301
01157217
01157201
01156737
01156577
01156377
01156001
01155801
01155781
01155625
01154881
01154515
01152583
01152431
01151651
01150251
01150121
01150009
01149921
01149911
01149773
01149201
01149197
01149121
01149057
01148993
01148613
01148556
01147473
01146881
01146113
01146081
01145551
01145301
01144321
01143921
01143901
01143633
01143389
01142401
01142273
01142241
01141601
01141137
01140585
01140441
01140401
01140351
01140001
01139803
01137665
01137185
01137177
01136653
01136545
01136313
01135857
01135701
01134017
01133873
01133161
01133157
01133121
01132801
01132697
01132451
01132001
01130841
01130633
01130501
01130361
01128819
01128705
01127501
01126821
01126401
01126201
01125941
01125121
01124801
01124721
01124457
01124001
01123541
01123301
01122626
01122561
01122409
01122031
01121289
01121281
01120961
01120817
01120441
01119841
01119377
01119001
01118840
01117281
01116881
01116041
01115521
01115405
01115121
01114925
01114817
01114795
01114001
01113640
01113349
01113311
01113017
01112801
01111801
01111465
01110881
01110857
01110501
01110201
01109881
01109551
01109181
01109001
01108661
01108141
01108101
01107991
01107953
01107873
01106721
01105626
01105601
01105561
01105201
01105153
01104841
01104777
01104697
01104641
01104401
01104325
01103961
01103717
01102801
01102342
01102197
01101081
01100961
01100661
01100061
01100001
01099711
01098593
01098557
01097987
01097881
01097601
01097345
01096601
01096281
01096039
01095421
01095357
01093741
01092561
01091841
01091501
01090881
01090001
01089641
01089601
01089539
01088651
01088469
01088201
01088001
01087651
01087233
01086985
01086729
01086656
01084801
01084441
01084385
01083845
01083481
01083111
01081677
01081601
01081281
01081245
01080961
01080899
01080833
01080489
01080321
01080211
01080161
01079265
01079181
01078001
01077633
01077121
01076785
01076701
01076537
01076321
01076081
01076057
01075729
01074689
01074561
01073769
01073725
01073665
01072961
01072721
01071761
01071601
01070241
01069876
01069497
01069025
01067051
01066625
01066601
01066551
01065495
01064877
01064617
01064401
01064321
01063433
01062711
01061357
01061081
01060945
01060931
01060873
01060701
01060601
01060581
01060511
01060001
01059309
01058793
01058437
01058433
01058281
01057537
01057511
01056376
01055913
01055465
01055161
01054891
01053569
01053401
01053241
01053081
01052761
01052581
01051617
01050971
01050161
01049841
01049501
01048945
01048225
01047589
01047231
01047041
01046001
01045801
01045761
01045751
01044833
01044353
01043981
01043243
01043201
01042657
01041281
01040241
01039681
01039577
01039361
01038651
01038009
01036641
01034615
01033405
01033093
01033029
01031951
01031905
01030945
01030737
01030245
01030241
01029843
01028707
01028553
01028289
01028193
01028001
01027841
01027709
01027693
01027201
01026817
01026001
01025801
01025409
01024291
01023569
01022951
01022531
01022011
01021933
01021761
01020617
01019918
01019129
01018881
01018401
01017861
01017593
01016661
01016001
01015449
01014121
01013825
01013777
01013683
01013319
01012481
01012225
01011629
01011367
01010729
01009521
01008689
01008409
01008161
01007425
01007351
01006881
01006601
01005741
01005141
01004801
01004649
01004351
01003521
01003485
01002401
01002331
01002137
01001921
01001644
01001601
01001409
01000001
00999937
00999601
00998951
00998441
00998321
00997569
00997301
00997001
00996801
00996641
00996581
00996289
00996001
00995937
00995929
00995905
00995769
00995201
00994817
00994601
00994049
00993931
00993601
00992705
00992651
00992601
00992526
00992481
00991761
00991713
00991485
00991301
00991221
00991145
00990977
00989601
00989201
00987793
00987761
00987651
00987401
00987237
00987221
00986833
00986601
00986531
00985985
00985731
00985706
00984971
00984881
00984031
00982881
00982773
00982401
00982365
00981119
00980833
00980801
00980701
00980369
00980253
00979921
00979787
00978929
00978751
00978501
00978257
00978081
00977757
00977501
00977336
00977301
00977001
00976673
00976101
00975841
00975601
00974826
00974721
00974561
00974401
00974361
00974305
00974145
00973937
00973897
00973201
00973046
00972968
00972921
00972881
00972801
00972601
00972289
00972001
00971073
00970549
00970213
00969985
00968593
00968201
00967641
00967553
00967501
00967361
00967031
00967001
00966561
00966481
00964737
00964609
00964451
00964201
00964121
00963251
00963121
00963091
00962971
00962819
00962817
00962501
00961889
00961587
00961101
00960833
00960497
00960001
00959901
00959021
00958561
00958337
00958081
00957891
00957642
00956001
00955921
00955009
00954711
00954401
00954200
00954001
00953697
00953525
00952369
00952193
00952001
00951561
00951433
00951101
00950917
00950895
00950541
00950501
00950433
00950401
00950133
00949929
00949729
00947311
00947201
00946617
00946473
00946181
00946177
00946089
00945881
00945081
00944353
00944001
00943217
00943049
00942121
00942081
00941825
00941425
00940689
00940321
00940225
00939985
00939591
00939495
00939271
00939041
00938961
00938907
00938881
00937753
00937595
00937501
00937449
00936701
00936361
00935897
00935645
00935041
00934971
00933931
00933401
00933169
00933121
00932161
00931521
00931451
00931011
00929417
00929201
00929161
00928161
00927691
00927051
00926851
00926721
00926081
00926001
00925571
00925425
00925065
00925029
00924876
00924481
00924001
00923881
00923801
00922953
00922589
00922301
00922001
00921901
00921813
00921445
00921361
00920849
00920177
00920161
00920001
00919961
00919201
00919169
00919081
00918913
00918501
00917797
00917747
00917601
00917505
00917441
00917401
00917201
00916999
00916961
00916921
00916801
00916019
00915841
00913925
00913729
00913302
00912513
00912001
00910401
00909201
00909121
00908801
00908321
00908205
00908001
00907326
00906177
00906161
00906137
00905814
00905801
00905489
00905101
00905001
00904001
00902369
00902185
00902145
00901641
00901487
00901151
00900126
00899889
00899389
00899289
00899261
00899057
00898711
00898701
00898501
00898105
00897801
00897501
00897481
00897261
00897071
00896481
00896129
00896121
00896001
00895985
00895229
00894561
00894401
00894225
00894201
00893246
00892461
00891401
00891009
00890571
00890375
00890225
00889561
00889330
00889201
00889120
00889041
00888801
00888691
00888481
00888181
00888001
00887801
00887543
00887541
00887041
00886721
00886221
00885901
00884801
00884219
00883585
00883577
00883351
00883041
00882241
00881921
00881801
00880993
00880456
00880001
00879873
00879281
00879037
00878689
00877237
00877185
00877159
00876681
00876153
00875051
00874241
00873601
00873281
00873059
00872271
00872001
00871921
00871201
00870661
00869321
00869185
00869081
00868481
00868479
00868201
00867617
00867329
00867009
00866776
00866729
00865553
00865209
00865092
00863817
00863721
00863701
00863197
00862401
00862301
00861503
00861351
00860321
00860251
00859825
00859076
00858821
00858313
00858296
00858251
00858177
00858001
00857601
00857345
00856769
00856097
00855177
00855145
00854330
00853441
00852801
00852669
00852337
00851796
00850945
00850881
00850583
00850545
00849803
00849793
00848961
00848851
00848673
00848258
00848241
00848065
00847617
00847601
00847287
00847199
00846717
00845606
00845513
00845475
00845351
00845201
00844321
00843701
00842721
00842619
00842047
00841985
00841729
00841471
00840353
00840321
00840001
00839801
00839571
00839297
00839111
00838413
00838016
00837441
00837161
00836865
00836626
00836001
00835841
00835060
00834109
00834081
00833379
00833027
00833013
00832281
00831361
00828439
00826825
00826801
00826593
00825953
00825601
00824961
00824833
00824801
00824337
00824001
00823789
00823721
00823705
00822601
00822301
00821701
00821251
00821151
00820751
00820585
00820445
00820401
00820217
00820001
00819893
00819841
00819176
00819089
00817601
00817521
00817443
00816886
00816401
00816306
00816241
00815601
00815501
00815361
00815209
00812239
00812001
00811777
00810805
00810601
00810441
00810001
00807181
00806951
00806401
00806321
00806201
00805751
00804997
00804833
00804105
00802301
00802001
00801817
00801665
00801501
00800689
00800387
00800001
00799801
00799585
00799436
00798436
00798267
00798241
00797665
00797601
00797537
00796801
00796561
00795841
00795801
00795713
00795521
00795137
00794577
00794191
00794157
00793905
00793681
00793605
00793553
00793273
00793089
00791933
00791809
00791801
00790898
00789301
00789281
00788873
00787601
00786889
00786241
00785901
00785189
00784481
00784001
00783521
00782663
00782401
00781429
00780886
00780801
00780289
00780121
00779691
00779376
00779105
00778901
00778561
00778381
00778133
00777101
00776641
00776601
00776001
00775341
00775201
00774785
00774753
00774119
00773633
00771713
00770689
00769521
00768577
00768465
00768001
00767969
00766201
00766185
00764453
00764289
00763953
00763905
00763489
00761113
00761033
00760001
00759873
00759617
00759321
00759001
00758845
00758449
00758312
00758177
00758001
00757251
00757201
00756848
00756225
00755985
00755601
00755201
00754861
00754721
00754519
00754295
00754274
00753665
00753001
00752861
00752801
00752229
00752001
00751873
00751761
00751740
00751733
00751601
00751561
00751441
00751037
00750981
00750741
00750381
00749975
00749281
00749261
00749221
00748161
00746841
00746721
00746321
00745985
00745953
00745649
00745537
00745441
00744945
00744128
00742986
00742081
00741851
00739921
00739521
00738001
00737641
00736636
00735329
00735041
00734529
00734089
00734081
00733941
00733865
00733701
00733385
00733089
00732953
00732385
00732161
00732085
00732001
00731751
00730721
00729786
00729649
00729601
00729521
00729089
00727726
00727661
00727409
00726945
00726265
00726137
00725761
00725697
00725667
00725441
00725101
00724673
00724225
00723945
00723673
00723233
00722401
00722118
00722051
00721937
00721591
00721169
00721153
00720921
00720001
00719833
00719681
00719409
00719381
00718913
00717953
00716061
00716049
00714387
00714241
00713921
00712729
00712137
00711889
00711265
00711221
00711185
00710671
00710637
00710513
00709761
00709231
00708881
00708401
00708161
00708001
00707841
00706101
00706081
00706049
00705697
00705001
00704821
00704001
00703481
00703477
00702977
00702826
00702261
00702131
00702101
00701811
00701729
00701001
00700969
00700001
00699885
00699423
00698453
00698025
00696736
00696001
00695977
00695651
00695489
00695365
00695297
00694917
00694721
00694481
00694001
00693889
00693073
00692901
00692865
00692265
00691949
00691651
00691001
00690793
00690621
00690480
00690201
00689761
00689281
00689237
00689077
00688681
00688226
00688001
00687921
00687481
00686625
00686561
00686529
00685569
00685354
00684961
00684739
00684577
00684417
00683551
00683203
00682945
00682781
00682441
00682241
00682145
00681721
00681601
00681551
00681361
00681329
00680157
00680001
00678633
00678249
00677889
00677451
00677411
00677366
00676097
00675831
00675461
00674977
00674857
00671981
00671391
00671233
00670801
00669921
00669511
00668801
00668001
00667717
00667541
00667201
00667093
00666701
00665961
00664661
00664601
00664321
00664001
00663859
00663681
00663201
00662201
00661981
00661761
00661161
00660573
00660001
00659201
00658497
00657793
00657105
00657021
00656901
00656881
00656001
00655226
00654337
00654081
00653189
00652801
00652496
00652341
00652289
00652141
00652013
00651873
00651441
00651265
00651237
00651001
00650955
00650916
00650549
00650241
00649001
00648961
00648886
00647551
00646276
00646181
00645761
00645501
00645001
00644673
00644577
00644421
00643713
00642661
00642081
00641729
00641701
00641681
00641081
00640129
00639641
00639617
00639376
00638625
00638451
00638401
00638285
00638273
00638081
00636961
00636801
00636771
00636451
00636401
00636001
00635986
00634849
00634385
00634241
00633953
00633305
00632641
00632353
00630173
00629889
00629441
00628886
00628483
00627537
00627291
00627201
00626241
00626001
00625721
00625213
00625089
00624385
00624001
00623871
00623801
00623681
00623361
00623301
00623201
00623183
00623001
00622481
00622461
00621633
00621581
00621281
00621121
00620465
00620461
00620341
00619521
00619281
00618769
00618531
00618481
00617601
00617121
00616961
00616001
00615937
00615681
00615041
00615001
00614913
00614646
00614593
00614509
00614481
00614401
00613796
00613697
00613641
00612501
00612161
00611041
00610817
00610529
00610354
00610321
00610241
00610151
00610001
00609787
00609729
00609201
00608129
00608089
00608001
00607505
00606937
00606401
00606247
00605761
00605641
00605561
00605201
00604673
00604641
00604417
00604401
00603801
00603767
00603521
00602881
00602401
00601869
00601377
00601361
00601135
00601057
00600761
00600577
00600561
00600001
00599449
00599311
00599089
00598751
00598723
00598529
00598041
00597901
00597159
00596969
00596737
00596726
00596033
00595777
00594641
00593921
00593833
00593601
00593474
00593201
00593121
00592865
00592795
00592601
00592041
00591553
00591521
00591241
00591233
00591201
00590451
00590341
00588801
00588731
00588161
00587615
00587521
00586673
00585761
00585665
00585080
00584597
00584129
00584101
00583603
00583561
00583301
00583201
00582501
00582173
00581341
00580801
00580553
00580291
00579933
00579821
00579801
00578925
00578147
00577961
00577431
00577121
00576723
00576721
00576641
00576261
00574417
00574038
00573721
00573441
00573426
00573073
00572441
00572221
00572017
00570441
00570401
00569601
00569321
00569001
00568961
00567662
00567033
00564997
00564537
00564041
00563041
00562929
00561985
00561673
00560921
00560801
00560001
00558961
00558001
00557301
00557185
00557105
00556993
00556913
00556801
00556241
00556001
00555736
00555315
00554801
00554561
00554497
00554385
00553201
00552767
00552521
00551907
00551201
00550045
00550001
00549945
00549113
00548801
00547809
00547605
00547361
00546726
00546001
00545507
00544801
00544001
00543281
00543001
00542721
00542551
00542481
00542251
00541501
00541241
00540801
00540417
00539843
00539801
00539721
00539201
00539121
00538961
00538901
00537801
00537601
00537577
00537501
00537361
00537251
00537231
00536661
00536625
00536417
00535809
00535779
00535601
00535549
00535395
00535033
00535001
00534951
00534901
00533009
00532321
00532161
00531201
00530561
00530501
00530101
00529881
00529559
00529221
00529201
00528801
00528721
00528513
00527451
00527201
00526801
00526193
00526081
00525913
00525793
00525057
00523611
00523601
00523521
00523457
00523169
00522435
00522369
00521941
00520639
00520561
00520449
00519957
00519921
00519621
00519105
00518971
00517827
00517721
00517621
00517001
00516737
00516625
00516571
00516487
00516231
00515905
00515751
00515641
00514001
00513971
00513537
00512001
00511949
00511311
00510921
00510501
00510201
00509201
00508801
00508626
00508257
00507126
00506961
00506737
00506541
00506401
00506065
00505281
00504705
00503745
00503437
00503025
00501643
00501249
00500929
00500833
00500449
00500441
00499981
00499729
00498751
00498481
00498101
00497921
00497689
00497437
00496771
00496581
00496561
00496257
00494721
00494593
00494525
00494161
00494001
00493865
00493761
00493041
00492801
00492001
00491913
00490801
00489385
00489041
00489005
00488833
00488436
00487481
00487249
00486141
00486121
00485651
00485401
00485001
00484201
00484161
00482801
00482257
00481921
00481801
00480501
00480001
00479629
00479449
00479113
00478701
00477467
00476877
00476757
00476481
00476257
00474721
00474289
00474241
00473793
00473601
00472577
00472041
00471901
00471741
00471681
00470601
00470149
00470026
00469673
00468593
00468379
00467201
00466831
00466213
00465401
00464321
00464086
00464001
00463937
00463561
00463489
00463237
00462413
00462369
00462269
00462065
00461993
00461377
00461361
00461351
00460705
00460545
00460481
00459437
00459191
00458401
00457616
00457611
00456832
00456641
00455729
00455633
00455561
00455551
00455425
00455201
00454721
00454373
00454001
00453001
00452161
00451673
00450833
00450702
00449249
00449081
00448137
00447009
00446817
00446687
00446401
00446081
00445201
00444778
00444744
00443921
00443393
00442521
00442401
00442161
00441943
00441901
00441708
00440281
00440001
00439981
00439281
00438081
00437756
00436867
00436497
00436481
00436041
00436001
00434941
00434817
00433991
00433981
00433757
00433705
00433541
00432961
00432897
00432385
00432301
00431841
00431761
00430751
00429441
00428721
00428501
00428129
00425999
00425701
00424876
00424601
00424587
00423681
00423079
00423071
00422501
00422401
00421441
00421311
00421281
00420985
00418161
00418049
00417769
00417721
00416397
00416161
00416001
00415889
00415841
00415521
00415397
00414977
00414441
00414431
00414337
00414026
00413905
00413501
00413321
00413201
00413141
00412416
00412249
00410801
00410401
00410369
00409857
00409817
00409601
00408961
00408849
00407751
00407553
00406256
00405801
00405501
00405249
00404873
00404161
00403409
00402951
00402449
00402401
00402161
00401409
00400769
00400545
00400129
00400001
00399801
00399713
00399329
00399201
00399037
00397825
00397441
00397425
00397213
00397025
00396801
00395631
00395401
00395041
00394817
00393929
00393049
00392865
00392439
00392089
00391936
00391521
00389897
00389377
00388687
00388598
00388417
00388001
00387937
00387889
00387601
00387457
00386361
00385961
00385703
00385421
00385281
00384915
00384511
00384367
00384253
00384201
00384001
00383713
00383361
00382721
00382657
00382465
00382126
00381921
00381441
00381299
00381001
00380417
00380213
00380201
00380161
00380001
00379841
00379266
00377941
00377857
00377601
00377241
00377231
00377201
00377191
00376901
00376321
00375041
00374641
00374201
00373905
00372653
00372009
00371585
00370705
00370481
00370177
00368701
00367881
00367713
00367489
00367401
00366936
00366457
00365313
00365281
00364469
00364161
00363921
00363841
00363505
00363393
00363265
00362273
00361526
00361329
00360001
00359681
00359201
00358566
00358401
00358273
00358145
00357951
00357621
00357601
00357441
00356961
00356881
00356451
00356401
00355926
00355681
00355441
00355041
00354961
00354641
00354601
00354561
00354241
00354221
00353921
00352769
00352639
00352081
00352001
00351732
00351361
00350721
00350517
00350401
00350241
00350061
00349126
00348821
00348801
00348497
00348376
00348161
00347501
00347461
00347171
00347041
00346883
00346625
00346246
00345901
00344751
00344741
00344721
00344701
00344011
00342101
00341985
00341147
00340707
00340161
00340001
00339849
00339321
00339002
00337105
00336821
00336641
00336621
00336251
00336161
00336001
00335233
00335221
00335041
00334701
00334641
00334543
00334465
00334401
00334297
00333241
00332737
00332617
00332461
00331601
00331201
00331101
00330261
00328961
00328721
00327505
00327451
00327297
00326829
00326781
00326593
00326401
00325001
00324161
00324126
00324101
00323993
00323869
00323651
00323001
00322561
00322311
00322081
00321921
00321841
00321601
00321001
00320769
00320334
00320001
00318785
00318751
00318601
00317841
00317601
00317300
00317201
00317185
00316901
00316217
00316001
00315649
00314329
00314041
00313505
00312691
00311281
00310721
00310411
00310251
00309413
00309201
00308993
00308929
00307777
00307201
00306817
00305001
00304921
00304645
00303913
00303057
00302985
00302931
00302861
00302521
00302409
00302241
00301661
00300001
00299729
00299001
00298241
00297265
00296833
00296641
00296321
00296001
00295796
00295601
00295436
00294401
00294033
00292649
00292193
00291233
00290593
00290545
00290305
00290229
00290001
00289505
00289409
00289281
00289093
00288401
00288001
00287991
00287857
00286849
00286527
00286451
00286081
00285521
00284865
00284227
00283481
00283249
00283001
00282001
00281641
00281601
00280545
00280471
00279997
00279561
00278896
00278851
00278657
00278529
00278275
00277761
00277121
00276841
00276826
00276801
00276721
00276513
00276001
00274661
00274561
00274402
00274230
00274001
00273665
00272001
00271617
00270601
00270241
00270201
00270173
00270069
00269825
00269271
00268961
00268665
00268201
00267697
00267241
00266469
00266401
00266241
00266161
00266101
00265585
00265521
00265489
00265185
00265067
00263601
00263301
00263131
00262881
00262721
00262501
00262421
00262401
00261561
00261241
00261211
00261000
00260865
00260059
00260001
00259845
00259777
00259257
00259201
00259136
00258417
00258401
00257793
00257627
00256265
00256001
00255409
00253905
00253249
00253025
00252889
00252193
00251329
00251041
00250987
00250501
00250084
00250001
00249851
00249801
00249601
00248801
00248321
00247421
00247161
00246681
00246545
00246401
00245681
00245276
00244534
00244401
00243981
00243201
00242751
00242587
00242521
00242441
00241051
00240697
00239841
00239821
00239617
00239497
00239361
00239121
00239101
00238849
00238726
00237251
00236879
00236801
00236641
00236265
00235971
00235381
00235201
00233921
00233729
00233001
00232961
00232921
00232833
00232801
00232447
00232162
00231885
00230997
00230971
00229329
00228751
00228701
00228577
00228353
00228191
00228081
00227925
00227843
00227681
00227631
00227451
00227201
00226009
00225601
00225581
00225225
00224961
00224501
00223681
00223621
00223437
00223255
00222201
00221601
00221449
00221341
00221210
00221181
00220501
00220225
00220041
00219801
00219477
00218801
00218481
00218045
00217857
00217601
00216521
00216251
00216193
00216001
00215481
00215321
00215201
00215191
00215105
00214209
00213265
00212905
00212705
00212321
00211801
00211399
00211225
00210241
00210081
00209761
00209717
00209449
00208801
00208769
00208129
00208001
00207705
00207601
00207577
00207501
00206721
00206693
00206446
00205987
00205561
00205211
00205097
00204773
00204401
00203777
00203601
00203521
00202089
00201873
00201826
00201801
00200641
00200361
00200022
00200001
00199825
00199649
00199541
00199521
00199501
00199169
00199001
00198471
00198145
00198081
00198033
00197753
00197405
00197141
00196865
00196353
00196251
00195841
00195491
00194973
00194081
00193201
00192825
00192801
00192171
00192001
00191301
00190089
00188701
00188636
00188251
00188161
00186841
00186611
00186171
00185199
00184801
00184465
00184001
00183503
00183465
00183201
00181761
00180481
00180006
00179201
00179057
00178651
00178441
00178081
00177865
00177626
00176641
00175909
00175241
00175057
00173729
00173105
00172041
00171714
00171701
00171517
00171433
00171048
00170593
00170193
00169885
00168801
00168277
00168161
00167501
00166801
00166625
00166401
00166221
00165651
00165572
00165457
00165231
00165121
00164815
00164737
00164697
00164657
00163265
00162461
00162303
00161921
00161625
00160965
00160961
00160081
00160001
00159801
00159751
00158513
00158301
00157825
00157617
00157441
00156801
00156001
00155729
00155507
00155001
00154777
00154001
00153901
00153601
00153190
00152801
00151641
00151545
00151151
00151001
00150337
00149857
00149661
00149001
00148993
00148633
00148001
00147201
00147126
00146225
00146061
00145857
00145601
00145481
00145061
00144961
00144641
00144049
00144001
00143901
00143881
00143021
00142517
00142321
00142209
00141734
00141665
00140901
00140831
00139681
00139337
00138941
00138161
00138157
00137986
00137945
00137921
00137741
00137281
00137038
00136801
00136565
00136481
00136267
00135451
00133501
00132737
00132001
00130211
00129281
00128081
00128001
00127849
00127771
00127001
00126726
00126001
00125441
00125401
00125313
00125201
00125001
00124771
00124716
00124201
00123201
00123137
00122113
00121857
00121401
00120641
00120001
00119809
00119383
00119217
00118641
00118241
00117841
00116951
00116801
00116441
00116417
00116353
00116281
00115957
00115201
00114645
00114141
00113861
00113651
00113625
00112591
00112453
00112001
00111601
00111465
00111321
00111141
00111001
00110801
00110441
00110225
00110071
00109775
00108701
00108141
00107593
00107233
00106821
00106241
00105857
00105601
00105351
00105305
00104577
00104521
00104321
00104017
00104001
00103209
00102081
00101601
00101553
00100818
00099593
00099363
00099301
00099201
00099041
00097617
00097012
00096721
00096401
00096001
00095751
00095553
00094911
00094801
00094695
00094577
00094501
00093101
00092201
00092161
00092025
00091905
00091849
00091713
00091693
00090067
00089697
00088641
00088001
00087501
00087448
00086941
00086769
00086441
00085761
00085538
00085521
00084481
00084376
00084349
00083585
00081089
00079617
00078254
00077337
00077009
00076425
00076273
00076001
00075981
00074621
00074081
00073985
00072241
00072211
00071505
00071386
00071361
00071169
00070641
00070601
00070529
00070409
00070351
00070057
00068361
00068305
00068247
00068225
00067851
00067001
00066881
00066817
00066561
00066481
00066465
00066049
00065951
00065701
00065515
00065281
00064361
00064281
00063905
00063265
00062804
00062401
00062161
00062001
00061972
00060673
00060577
00060353
00059641
00059276
00058881
00058801
00058717
00058621
00058561
00057909
00057601
00057409
00056891
00056321
00056151
00055185
00054001
00053249
00053233
00052721
00052681
00052161
00052011
00051776
00051713
00051633
00051301
00051201
00051001
00050501
00049001
00048849
00048811
00048126
00047521
00047309
00047201
00046957
00046593
00046501
00046401
00046231
00046119
00045401
00045313
00045249
00043461
00043251
00042881
00042876
00042729
00042037
00042001
00041905
00041521
00041241
00040545
00040417
00040266
00040061
00039601
00038561
00038401
00038314
00037771
00037575
00037561
00037341
00036161
00036081
00035457
00034561
00033841
00033201
00032955
00032641
00031941
00031815
00031051
00030981
00030446
00029889
00029185
00029065
00028161
00027471
00027431
00027009
00026913
00026822
00026701
00026369
00026241
00026061
00025651
00025401
00025201
00024705
00024513
00024001
00023941
00023241
00023041
00022741
00021601
00021401
00020225
00020001
00019753
00018945
00018433
00018405
00018301
00018001
00017559
00017381
00017225
00016433
00016337
00016113
00015681
00015399
00015177
00014341
00014288
00014081
00013499
00013461
00011767
00011521
00011425
00011105
00010561
00009409
00008505
00007921
00007642
00007301
00007201
00007189
00006849
00006576
00006433
00005916
00004397
00004299
00003657
00003501
00003421
00001769
00001301
00001281
00001097
00000881
00000577
00000515
00000001
