1000
03999881
03999293
03998977
03995185
03990801
03986351
03978501
03977836
03977123
03976729
03974057
03971841
03968689
03958273
03957101
03945761
03940205
03935329
03935121
03925201
03913209
03906401
03906049
03903711
03902949
03900927
03900231
03898881
03896065
03891501
03891121
03886661
03880649
03880401
03875841
03870721
03870392
03864961
03861761
03859969
03852001
03850481
03849236
03843681
03840001
03838231
03835801
03826731
03825619
03817393
03801601
03799809
03798001
03792833
03780481
03778961
03770573
03770371
03769131
03769025
03766721
03766601
03766433
03761561
03758401
03757181
03753429
03752801
03752449
03746563
03744841
03742045
03735001
03732001
03724961
03712511
03711081
03710369
03709841
03703521
03698877
03694953
03689373
03689161
03684609
03663681
03659001
03656567
03653251
03651841
03644398
03644081
03641457
03635751
03626625
03623451
03612801
03606529
03604129
03599553
03595881
03592281
03591211
03582401
03580865
03577086
03575711
03570701
03557993
03556161
03555521
03554656
03554631
03553281
03547771
03545761
03544251
03540401
03537581
03532401
03529063
03526961
03522501
03514689
03511201
03502501
03500373
03500097
03494816
03491401
03490177
03487249
03486745
03480141
03479601
03477057
03476497
03472113
03466437
03435041
03428465
03419521
03413961
03412401
03403374
03397681
03393281
03392843
03392640
03392113
03388531
03388481
03383001
03377341
03375501
03369473
03366353
03364401
03363201
03362161
03360136
03358061
03357665
03352551
03352126
03349761
03348761
03348225
03346481
03337951
03327687
03326048
03322617
03313921
03305729
03305601
03304185
03300001
03292676
03282301
03275201
03274201
03273297
03268481
03260817
03258881
03246396
03244381
03240173
03240001
03235081
03231585
03223681
03220587
03219141
03219036
03218361
03215741
03208481
03197829
03195346
03195151
03191880
03187245
03184825
03182881
03182101
03181597
03181313
03179669
03178171
03176241
03172373
03169401
03159897
03158281
03148351
03138881
03137601
03134026
03128609
03125113
03124767
03123805
03123201
03112941
03105057
03104556
03101681
03100521
03094401
03093757
03086157
03084225
03080977
03058831
03057661
03055521
03052501
03051475
03050801
03041569
03040001
03038401
03033421
03032001
03023201
03020801
03018356
03015401
03013921
03012665
03011001
03008001
03005081
03000481
02999617
02995841
02990927
02980481
02976001
02971129
02968961
02966929
02966017
02963449
02960665
02960193
02959361
02950607
02948865
02945793
02943041
02935301
02925871
02925781
02923553
02922073
02917641
02917251
02915701
02913161
02909201
02906417
02901161
02899889
02893361
02890721
02890001
02885351
02875481
02873601
02869761
02868241
02868001
02867777
02867417
02866561
02854621
02851825
02845821
02840881
02836376
02834365
02829881
02826401
02826321
02824161
02823681
02820001
02817921
02816001
02812481
02810431
02798401
02797219
02793421
02787609
02780393
02779361
02773201
02770801
02767905
02766591
02757001
02753976
02751297
02742290
02737681
02737207
02734305
02734081
02727553
02723585
02721057
02715806
02708880
02703421
02702443
02700033
02683137
02680881
02680416
02678791
02676001
02658193
02655977
02651889
02651841
02636481
02635721
02632049
02623697
02611001
02609153
02606071
02605981
02598401
02597601
02595967
02594783
02593761
02593453
02585121
02579921
02576401
02573271
02568705
02553601
02552033
02541001
02538280
02530182
02516661
02509697
02507593
02500001
02496161
02496001
02490751
02484273
02478081
02477881
02477825
02477681
02476711
02465985
02461921
02457701
02454273
02448483
02448001
02446811
02438061
02437697
02435201
02431265
02413185
02397001
02394641
02390066
02388209
02375769
02371273
02370561
02368601
02368561
02366336
02366001
02363353
02363301
02362921
02352673
02351121
02350001
02349846
02345057
02344431
02337401
02336151
02332551
02330113
02322041
02315001
02310441
02310281
02307361
02304001
02296209
02292281
02292001
02284321
02271064
02268225
02264001
02260281
02257089
02249441
02248801
02240001
02238561
02236951
02232449
02203753
02198461
02197501
02196126
02190193
02183871
02181761
02178817
02176452
02174241
02173681
02172546
02169001
02167041
02163281
02159457
02157825
02153841
02151681
02149626
02147201
02144764
02142665
02123073
02123026
02118257
02117781
02114697
02111305
02111201
02102651
02102017
02097651
02092391
02090573
02087701
02082721
02078721
02078321
02074001
02073185
02070801
02065421
02065219
02062337
02059674
02058851
02057376
02048141
02045301
02043861
02038237
02035987
02022873
02019641
02019361
02019121
02016501
02003857
02000001
01996417
01996121
01993025
01987237
01983751
01980801
01980577
01979376
01970651
01956801
01956213
01955976
01948801
01947670
01934561
01927185
01920121
01920001
01919036
01916441
01912653
01894284
01891201
01889251
01886801
01875713
01874881
01870481
01867651
01866996
01863881
01859254
01858513
01856721
01856313
01846421
01843001
01841526
01816289
01811801
01804805
01801843
01799309
01794001
01792353
01791721
01790521
01770177
01766391
01765441
01763649
01763361
01763137
01762561
01759137
01751801
01750001
01746811
01740653
01737785
01735259
01731681
01726209
01724091
01719585
01713801
01707853
01700481
01698949
01697601
01695101
01693137
01691881
01680997
01680201
01678593
01677661
01675777
01672425
01669501
01666141
01665449
01659341
01654529
01651213
01650137
01645601
01635681
01635265
01631601
01620961
01619491
01614251
01613825
01610401
01606401
01606065
01605121
01604635
01600309
01600001
01599905
01597801
01596441
01593089
01589729
01588201
01588161
01583745
01581851
01581601
01575665
01571069
01570081
01567861
01564785
01550651
01549761
01549345
01547901
01536186
01534001
01530897
01529093
01516025
01515521
01504031
01498241
01496001
01491189
01487281
01477705
01477521
01471546
01471251
01458769
01456001
01451721
01451171
01448641
01439381
01438401
01428961
01424887
01417251
01414321
01410953
01401001
01397549
01389051
01386251
01373061
01370861
01368001
01364491
01363046
01361921
01359968
01354177
01351681
01346501
01345713
01344269
01343221
01342237
01338081
01336281
01334741
01333601
01330417
01327243
01324837
01318401
01315521
01314449
01306767
01300511
01298561
01297181
01288321
01285181
01284041
01268049
01265221
01264885
01256257
01253521
01247569
01247041
01240961
01234073
01232007
01229305
01221841
01220729
01211081
01209651
01207681
01206679
01206641
01203569
01203251
01203073
01197331
01196367
01193921
01188833
01187711
01186001
01183201
01180937
01175963
01170393
01170355
01170251
01169493
01169141
01167905
01167041
01164929
01164230
01158001
01157345
01156585
01152937
01152801
01150241
01147769
01140321
01131185
01130161
01126401
01125706
01125217
01123037
01118201
01115336
01108396
01101521
01099125
01098625
01085561
01081001
01080301
01077505
01076225
01075793
01071841
01067517
01066428
01062565
01060501
01059201
01053797
01043553
01041793
01031521
01029489
01029441
01026801
01023233
01020865
01020753
01018981
00998501
00996265
00993827
00982141
00978841
00976251
00976201
00975161
00974001
00954735
00951989
00941905
00932945
00932001
00931681
00927619
00920161
00913529
00911617
00905601
00904185
00901281
00882617
00878881
00878095
00857825
00847081
00841761
00838748
00832921
00827481
00827201
00825081
00824665
00818841
00814795
00814079
00811841
00809199
00798721
00795851
00793921
00793313
00792529
00789776
00785029
00779761
00776001
00770025
00768193
00767393
00767201
00766401
00763745
00757633
00753041
00753001
00750884
00739173
00738937
00738561
00732369
00729857
00729827
00728881
00724321
00723201
00709401
00704641
00699745
00698391
00695841
00694801
00691569
00689889
00686001
00685761
00682953
00669921
00662873
00659201
00657675
00657153
00653425
00637601
00635961
00635701
00635233
00634641
00634375
00631449
00625969
00624897
00624501
00620809
00609451
00608901
00607553
00605241
00597321
00595713
00595001
00588833
00574941
00573081
00570121
00568793
00567461
00566741
00562161
00561153
00555801
00552609
00550737
00546709
00537601
00535601
00531015
00528305
00515993
00508601
00503401
00500615
00486701
00482427
00477921
00475237
00474473
00472321
00472001
00465061
00460049
00458091
00456961
00453609
00450401
00448641
00441441
00437513
00436961
00434001
00433281
00423601
00411393
00408639
00405451
00402337
00396129
00394369
00390521
00389441
00387926
00381697
00375001
00372161
00350011
00349889
00349489
00345601
00342161
00340241
00333957
00332781
00315553
00311117
00303681
00301945
00301121
00288781
00277481
00272481
00250161
00248001
00242401
00237105
00233501
00231731
00226521
00218119
00216801
00209249
00206817
00200321
00179201
00164801
00164021
00152257
00152161
00149201
00148366
00143473
00135366
00129961
00127681
00125661
00124651
00124113
00123701
00121961
00121601
00120161
00116676
00112001
00111101
00101787
00092801
00090241
00087401
00081957
00076937
00072882
00071185
00067751
00063821
00060801
00050001
00049841
00049601
00036001
00035001
00033273
00032161
00027601
00026625
00025813
00024451
00022373
00022097
00020321
00017701
00008173
00005121
00000001
