100
00000100
00000099
00000098
00000097
00000096
00000095
00000094
00000093
00000092
00000091
00000090
00000089
00000088
00000087
00000086
00000085
00000084
00000083
00000082
00000081
00000080
00000079
00000078
00000077
00000076
00000075
00000074
00000073
00000072
00000071
00000070
00000069
00000068
00000067
00000066
00000065
00000064
00000063
00000062
00000061
00000060
00000059
00000058
00000057
00000056
00000055
00000054
00000053
00000052
00000051
00000050
00000049
00000048
00000047
00000046
00000045
00000044
00000043
00000042
00000041
00000040
00000039
00000038
00000037
00000036
00000035
00000034
00000033
00000032
00000031
00000030
00000029
00000028
00000027
00000026
00000025
00000024
00000023
00000022
00000021
00000020
00000019
00000018
00000017
00000016
00000015
00000014
00000013
00000012
00000011
00000010
00000009
00000008
00000007
00000006
00000005
00000004
00000003
00000002
00000001
