1000
02913161
00691569
03403374
02868241
02092391
02304001
03412401
00941905
00570121
03392843
01220729
02078721
02678791
01763137
03766721
03100521
02971129
01344269
03494816
03392640
02737681
00482427
01856313
00121961
01549345
02798401
02597601
02509697
03011001
01081001
02573271
01547901
01589729
02043861
03792833
03195346
03852001
02240001
01167041
00437513
01206641
01315521
01804805
02890721
01071841
03971841
01894284
00841761
02203753
00605241
03364401
00653425
02174241
03218361
00998501
00060801
01438401
00723201
02766591
01659341
00795851
01424887
02683137
02371273
01456001
03752801
01765441
01101521
01183201
00411393
01075793
01581601
01300511
00546709
02102017
01588201
03653251
01567861
00631449
03466437
02248801
02394641
03490177
00179201
00857825
01874881
02635721
03352126
02111201
00301121
03526961
01496001
02448001
00423601
02159457
00033273
00315553
00441441
02538280
01207681
00135366
01203251
03050801
02035987
02082721
01993025
01571069
00770025
02787609
00049601
01410953
03480141
00566741
00597321
00832921
03770371
00063821
00901281
03835801
01927185
02142665
00472001
01125706
00827481
03392113
01147769
03769131
03258881
01983751
01996417
03388481
01175963
01023233
03689373
02500001
02019121
02909201
03769025
01053797
02022873
03244381
01987237
00767201
00116676
03880649
02823681
03684609
03349761
00206817
02292001
02264001
01080301
00609451
03995185
00982141
03635751
03032001
01234073
03181597
02003857
03709841
01889251
01698949
00049841
01726209
02016501
00562161
02296209
02496161
00143473
00838748
02477825
02151681
01333601
01970651
00878881
01564785
02232449
02476711
02366336
03555521
01645601
01599905
03123201
01026801
03084225
00669921
03817393
03137601
01751801
02065421
00448641
01677661
01297181
02117781
03172373
03500373
02797219
02169001
02966017
02676001
02585121
00951989
00350011
03275201
02873601
01790521
01980801
03413961
00811841
02552033
01067517
03978501
03419521
03346481
03651841
02045301
01343221
00757633
03757181
02810431
03770573
01167905
02727553
00087401
03304185
02829881
00537601
02478081
02925871
00453609
02368561
00288781
00920161
01247569
01477705
03990801
03900927
02715806
02454273
02950607
03337951
02390066
00625969
00408639
00595001
03094401
03612801
03182101
02181761
02446811
03273297
00072882
02019361
00472321
02826321
02579921
00694801
01948801
03644398
01125217
03012665
03896065
02541001
00568793
00657675
00149201
00814795
00927619
00528305
00050001
03547771
01170393
00607553
01794001
00460049
03582401
00090241
02753976
03694953
03735001
03268481
03753429
03023201
00728881
01635681
01549761
01920001
02915701
00552609
02700033
01131185
03041569
00905601
03859969
02737207
00000001
01370861
03554631
01619491
00588833
02655977
02196126
00112001
01108396
00704641
00152257
00433281
02708880
03240173
03544251
01650137
01691881
01635265
01059201
03033421
02062337
01916441
01606065
00405451
01206679
02271064
01098625
00767393
03900231
03843681
02598401
02074001
02123026
02147201
03592281
03358061
00342161
03357665
01870481
01170251
02824161
00996265
02851825
01996121
01886801
03223681
03292676
01314449
01288321
03766433
00349489
00931681
00993827
03169401
02960193
03554656
01029489
01654529
01188833
02065219
00932001
02057376
01066428
03732001
01221841
00024451
01169141
02780393
01979376
01451721
01187711
00814079
00216801
03641457
02019641
03537581
00120161
00124651
03235081
00779761
00111101
02999617
02742290
03913209
03178171
03195151
01062565
02173681
01031521
00825081
00125661
02593761
02990927
03246396
00008173
03744841
01801843
02593453
01448641
01746811
01324837
01613825
00634641
00776001
03184825
02723585
02812481
02995841
00753001
01029441
02820001
02773201
03902949
03977123
02078321
02397001
02153841
00508601
02976001
00017701
03015401
03502501
01920121
01123037
03038401
01759137
03766601
00076937
02198461
00032161
03626625
02336151
01534001
01458769
01240961
00349889
02721057
00913529
02960665
00954735
02980481
03366353
00020321
02059674
02779361
03710369
00465061
00233501
01298561
01077505
00036001
01157345
00026625
01060501
00248001
03778961
00345601
01361921
02680416
02238561
02435201
02144764
00500615
03529063
02948865
02922073
03159897
03801601
00685761
00818841
02366001
00904185
01614251
01770177
02623697
02163281
02157825
01363046
01401001
03197829
00635233
03208481
01866996
01180937
00381697
02197501
02632049
02867777
02680881
02190193
00092801
03181313
00164801
03838231
01256257
03570701
01750001
01762561
03957101
00022373
01737785
00375001
00620809
01858513
01713801
03968689
03322617
03018356
01731681
03545761
00458091
00550737
00827201
03477057
03360136
01867651
00200321
03604129
00303681
01955976
01680997
00311117
01351681
02268225
00436961
00071185
03999293
02845821
01196367
03556161
00390521
01620961
01891201
00434001
03591211
03999881
01669501
01130161
03758401
03282301
03397681
01724091
02605981
02087701
03761561
03595881
01152801
00164021
01610401
02292281
01583745
00123701
03148351
00340241
03080977
00824665
00809199
03158281
02322041
01680201
03935121
00301945
00101787
01417251
02413185
00635961
03703521
01934561
01719585
01570081
00148366
03176241
03187245
01043553
03850481
01843001
03532401
02375769
03898881
03986351
00753041
02118257
02236951
01253521
01471546
01856721
00595713
02058851
03742045
02431265
02332551
00608901
02310281
02917641
03906401
00659201
03514689
02516661
03724961
01306767
03101681
03058831
02945793
03105057
02102651
01126401
03305601
01164929
01264885
01170355
02307361
02070801
03663681
03240001
03104556
02257089
00333957
01487281
02854621
02968961
03363201
03553281
02363301
01169493
00976201
03500097
00689889
02448483
02906417
03182881
01338081
01359968
00724321
00974001
01152937
01600309
00250161
03875841
02734081
00699745
01334741
01018981
01515521
03575711
03880401
03020801
02817921
03511201
02885351
00035001
00226521
03577086
01600001
01156585
02606071
01211081
00682953
01397549
01389051
01651213
02073185
03348761
03327687
00878095
01875713
03388531
03179669
00978841
00396129
00635701
02048141
02869761
02437697
03998977
00798721
02477881
03005081
00456961
03606529
03362161
00695841
03220587
03825619
03849236
01791721
02935301
01604635
00637601
02351121
00766401
02349846
03313921
00662873
03000481
02172546
01193921
02899889
03935329
01268049
02751297
00402337
02767905
01605121
01792353
03125113
02388209
01164230
01672425
03051475
00372161
01477521
02568705
03711081
01346501
00561153
01265221
01232007
00793921
03940205
02834365
03958273
03886661
03138881
03435041
01700481
03798001
02595967
03305729
00535601
00686001
01593089
02345057
01980577
01336281
02893361
01763649
03522501
01859254
00882617
03891501
01203569
03274201
02465985
00387926
00847081
03557993
02651889
00209249
03826731
00231731
00503401
01912653
02176452
00573081
01327243
03861761
01345713
01707853
01597801
02330113
01588161
03123805
02866561
03052501
00750884
02315001
01284041
03352551
02875481
02097651
03377341
01186001
03383001
01678593
02457701
03428465
00709401
03656567
02925781
03219141
01342237
02123073
03712511
03231585
03689161
03191880
02352673
01799309
03219036
00450401
02840881
00738937
01099125
02966929
02000001
00531015
02507593
01666141
01956801
03891121
00789776
00127681
03215741
01085561
01115336
02310441
01118201
01150241
02816001
01491189
00237105
02370561
02111305
03599553
02344431
00081957
00486701
02362921
03348225
02178817
03134026
00792529
01368001
00574941
00515993
02363353
03906049
00218119
01575665
00732369
01766391
03057661
01675777
00932945
03580865
01439381
01816289
00567461
03780481
03752449
01841526
02284321
01318401
01020865
03013921
00277481
00976251
02260281
02090573
02836376
03925201
01229305
03086157
01740653
00624501
03093757
00124113
03799809
00739173
02249441
00129961
02038237
01330417
03870721
01536186
03472113
02490751
00152161
00698391
02149626
02530182
01414321
02609153
00768193
01863881
00272481
03479601
01364491
01695101
03008001
01041793
00475237
03128609
02793421
01498241
03974057
02594783
02183871
02943041
01947670
03644081
00738561
02658193
02368601
03486745
02167041
02901161
01811801
01020753
01516025
03698877
01471251
00763745
01693137
00975161
02702443
02826401
00624897
01596441
02337401
02703421
02350001
00121601
03623451
03300001
03976729
01956213
01550651
01530897
00474473
01203073
02963449
02461921
01606401
02868001
00005121
01386251
00027601
03945761
02651841
01631601
02496001
00242401
01529093
01451171
03491401
03375501
00729857
03864961
00394369
01373061
01158001
02611001
00785029
01846421
00389441
02923553
03369473
02477681
00332781
02917251
03040001
03659001
02890001
03870392
03903711
01697601
01665449
00555801
01735259
02757001
01247041
00793313
02959361
02576401
00025813
02438061
01140321
03326048
03487249
00067751
01285181
03840001
02484273
00729827
01919036
03112941
01209651
02867417
03977836
00477921
02553601
01428961
02114697
00657153
01581851
03476497
01197331
02636481
03746563
01763361
03260817
03055521
00634375
01076225
02770801
01504031
01354177
00911617
00022097
02734305
03393281
03540401
03124767
