10000
03036417
03936261
01834561
01494535
01766001
01200001
00982881
03396609
02508049
02395309
01160729
00676097
01886601
03566481
00908001
03930973
00071361
01870321
00221210
00199521
02499245
03873901
02972001
03862033
02696606
02142801
02922221
03000001
00820751
01225601
03856869
01183253
01711905
01985281
03252641
02838901
02855521
03088669
02900161
01588433
02776801
02484501
01097345
01735969
00794157
02805441
02415901
01019129
03702101
01373753
01977121
01406721
02325761
03718401
02846961
02897501
00455633
01556481
00436041
03485601
00076273
03947501
02273971
00024513
03773089
00314329
00216521
01088651
02806141
00946473
02241473
02074791
02396601
03921371
00503437
03714492
01123541
00314041
01512440
01768341
01496161
03383705
01215026
01189883
03449248
01680321
01673361
03431489
03510041
00843701
02924045
03364041
00367881
00392865
02021591
03837681
00267241
01887441
03961535
00734081
03831457
03460929
01582601
01467829
00084481
01590221
00192825
03211251
01213406
03538593
01830001
02376521
03603201
03174933
03495593
02832811
03378081
02326995
02630092
01773289
00639617
00794577
01926575
02210401
01160526
03724307
02279751
01818521
01447001
00716049
03052801
01654993
03654421
00619521
00409601
01953281
00625213
02288265
03712311
02191621
02768863
02997583
03682297
01853993
01375009
00894401
02833273
03959985
00793681
00897481
03805399
00992481
02531225
01888235
02265089
02648391
00122113
03253857
03545249
03340401
00604641
02003301
02383489
02759442
01310001
02043421
02152001
00752801
02604801
02585321
01052581
02662401
00876153
02781281
02895373
03684377
01018401
02824001
02994189
02809181
00840353
00978081
03049729
03925837
02600513
00529881
03979169
03120321
02835201
03579016
02825521
02217051
03760001
01756233
00446081
03924655
03002801
01507841
03771921
02984021
01193001
03296513
03048481
01703389
01257409
01825761
03848161
01995009
00192171
01268801
02962087
02619417
02857057
00384511
03591881
02215633
02513441
03542311
00805751
00389377
00711265
02322301
02788385
00719681
02693841
03507501
00066881
02200001
01209217
03837905
03240016
03708131
03754409
00511311
02805809
02275001
01984737
00195491
02478801
01147473
03588929
01114817
03063792
00095751
01662001
03348653
02552001
03914521
03615453
02419121
02504181
01805801
01676385
00774119
00801501
02614401
00946089
02060409
00967501
00001097
00689077
01115405
01735801
00896001
00210081
02988001
03975129
01160705
00898501
00488833
01098593
02427021
03194201
03130113
03910401
01294401
02046126
00804833
03186001
03164699
00212321
01083481
01322401
00252889
03042881
03196001
01715281
01175201
01922945
02188081
03955659
00119809
03116021
02318465
00201801
01095357
01353749
03551201
03016961
00685569
01904001
01030945
00795713
00588731
03393601
02127729
01849096
01746945
02789001
00228577
00880993
01398801
02909761
03984141
03832979
01064321
00199001
00173105
02956513
02219265
02474489
00703477
03382721
00775201
02149626
03946911
03130509
03341641
02508656
00778133
03122689
03015151
03868825
03514561
03451201
03786326
02923345
00428129
01029843
00907326
01336129
01217481
01965526
03156741
01137665
02355601
03883801
01250335
01859500
00840321
01249601
02680237
02819585
00725101
00751441
02691461
02606201
01378401
03129001
02815701
01819267
03142641
03101025
02930521
01915781
02644901
02983169
03502705
00317201
00779105
00977336
03987701
01748321
03262199
01439361
00889330
02925485
03825921
02432001
03503361
02480641
03099841
00381921
01416501
01073725
02131361
00471681
03636201
00351361
03120991
01161232
02001410
02640641
00959021
02964993
02214145
01930769
03752461
00089697
03717569
01647201
00604401
00268665
00960001
03787451
02074301
01055465
02180896
01995257
03849361
03201311
02991001
00846717
03233501
00370177
01375377
00137038
02322561
02649377
01243905
00287857
01874368
03335325
01881171
01476881
00946617
03505137
01474271
01968913
01288377
00786889
03470529
02227476
02952257
03069355
01180921
01323001
01300671
03227601
00563041
02777911
00588161
00612161
02360811
02124237
02559681
03278401
02829201
00506541
03310041
00031815
01568225
02815201
03369261
00538961
02390201
03880761
01403697
03805409
02706481
00977501
03006201
03439789
01432171
03191778
03018901
03747683
01952257
03760431
02804481
03115201
03336001
03581441
01454529
01355009
01978411
01732161
01781981
03872781
02778001
03197533
03282091
01346771
02817981
00722118
01923088
02304961
03330753
00415521
02054626
00354221
00060673
02512641
01743721
02142881
00063905
02807681
00077009
03579355
02029601
02755097
02226561
00201873
03193493
03614001
03833341
02547409
02025803
00199501
02241345
03581001
01490401
01083845
02164625
00998441
02529281
02720001
01526233
02326017
01524099
03487201
02886353
00668801
03892515
03348947
02638322
00433541
03505009
02222001
03123477
01277121
03787121
02470501
02641961
02458309
00099201
02131261
02997433
01017861
02102801
02709937
03357601
01990081
00597901
02691045
03118081
03204401
01442601
01561641
01346321
01961977
00973937
00736636
02604481
02555069
00595777
02494001
01891585
01045801
00529201
00265067
00795521
03628741
00558001
01350145
03915921
03348417
00336641
02402221
00366457
02785126
03013585
01504297
03537281
03999489
02904357
01065495
03839617
03455665
00573073
02097111
02992429
03000881
01205121
01462401
01554901
00410401
00051633
02968833
00111601
00980701
01913501
01427537
03604441
03339537
01913021
01912001
02002681
02378241
00699885
00450833
00793553
01906631
00011105
03504359
03416401
01676621
01706553
00513971
02860096
00980833
02431701
01597426
03099201
03511305
01357401
03275601
03176193
03340533
02467193
00350517
01365626
03031773
02183399
03091041
01542025
03971193
03303169
00753665
03283481
00995905
02137601
02004001
02736581
00922953
03659325
01351201
02440837
03664141
00556241
00296001
03590941
03368001
03191225
00845513
03268673
02795801
02080025
00336621
02538113
02597051
03609491
00119217
03689905
00232921
02135718
03619907
02413089
00245681
03510131
01793508
01638433
00171433
01038009
02299431
01257717
02179143
03359270
01680121
00042729
01748494
02242817
00526801
01301781
03024001
03211953
01856001
00923881
02600881
00384253
00356401
03455881
01783151
01254563
01074561
03067721
00060353
02988625
03049201
03088001
02360281
00866729
00908205
02709121
00847199
02379233
01016001
00957642
00054001
03539901
01991501
01797761
03036737
00081089
00770689
03531091
00463237
03456001
02983291
03597876
00029065
02368001
01823461
02310753
02963018
02173441
01406209
00891009
03538481
02021621
00568961
00698453
01122031
02471681
00313505
02661981
00883585
00446687
02748161
00470149
00982365
03749176
03246497
03054865
03734441
01585811
02717271
02370481
01381101
01745913
00722051
02794401
00605561
03543009
01457345
02063257
00861503
00512001
00639641
02129417
02189281
01133873
02607061
01271169
02510961
03518177
00785901
03219751
02452913
02762081
02941101
01155625
00536417
03344561
03466876
00058621
02666201
02832641
02027001
01669421
00171517
00276001
02354177
00432385
03720091
02353246
03280101
00689237
03152761
02159391
00350241
02906161
00310411
02640481
00856769
03703921
02424321
00890571
02464881
03276601
02833921
01109001
01847473
02877721
00375041
00950917
00092161
00038314
00925571
00511949
01127501
03822017
03142281
00516231
03597985
02698561
02060401
02234704
01479681
02899841
02420993
03446919
01858521
00614401
02191641
00094577
02558593
00933401
01869121
00913302
02369057
02656665
01190523
00006433
00086941
00150337
01055161
02578411
03834801
03632001
01693529
03429225
02193121
03626433
03504625
01628545
01261577
02765761
01958001
02008701
00600001
02151724
00104321
03287853
02628001
00733089
02310033
03033601
03479081
02176041
00165231
02371001
02403401
02830597
00339321
01416041
02497801
02059376
03841081
00148993
03991441
00613796
00116417
02670961
00974721
03253521
01736913
00908321
02952893
01894049
01766401
00638273
00317185
03809409
03960513
02599971
03885841
00164815
02170081
01443101
02079969
01538401
03655893
02124361
03516251
02430417
00888001
00387601
01948857
01160901
00670801
01829761
00619281
01211461
01442649
01665331
00659201
01248001
03917441
00323001
03014726
00202089
03940535
03807527
03213761
02411601
02098281
02133945
00225601
01252687
03701585
00196251
01290921
03801789
00334297
00443921
03152065
00817443
03279561
01282726
00529559
01193886
03048936
02830583
03952001
03114901
00759617
00802301
03057601
03475601
01150009
03723116
02206401
01179501
01309906
02105125
03081745
03975945
03552941
02922981
00413141
00286527
00690621
00271617
00358273
01401169
02810401
02771101
03637421
00899261
00687921
02766129
00485001
00492801
01536001
02683649
00243201
01175005
00682241
01640001
02236977
02577941
03154721
03823001
00053249
02623713
00797665
01608641
01913937
03350121
03910709
03043625
02813697
03805270
03551705
03654889
00598751
00387457
02504961
00410369
02510051
01446001
03349451
01080833
02624811
01811649
03362753
00201826
00952001
03917201
01377281
01830311
03345601
03254601
01920601
01345237
01353201
02564713
02632893
00450702
03505691
02115361
02896751
03095199
02125734
02504737
00262881
00689281
01665441
02485761
03480537
03179201
03694678
02205761
00962971
02334801
00663201
01261331
01300202
02403745
01991601
00597159
03066401
02066897
03010471
00094695
00233001
00123137
03573153
03149793
03653068
03512601
03321361
03740681
03894441
00917747
02828701
00992705
01527089
01578113
01801501
00347461
02270001
01180806
02323842
02253281
02528326
02941241
02302689
00231885
00220501
02661101
01197441
01702673
02441217
00636451
01654657
03335329
03269091
03108001
01171905
03701071
01911841
02405001
01039577
00945881
03857601
01555729
00321001
03938801
00170593
01324865
02557485
03304033
00916921
01830411
02409601
00461377
02797825
00608089
01304907
00655226
03896065
01012481
02000001
00155729
02414771
03164241
02075121
03488989
00380417
00418161
00929161
03980161
03242001
00199541
01875553
01917366
01813761
03364145
01510486
01831641
03598811
01679606
02800001
00729649
01589417
03121249
00821151
02949121
03251373
01564929
01774947
03569001
00074081
00710513
00071505
02094489
03278721
03363201
03864193
01954321
00105857
02453929
01704249
00951433
01998069
01669201
03601047
03775941
00031941
00385961
03373401
02647921
01463521
02857577
03123073
03626801
01597601
01053241
01472161
03284001
01104641
00572221
02974481
01488825
03814501
03244801
01275713
03790875
00417721
02299593
02313081
03000649
01741241
01119841
00233921
03773185
00380161
02953021
01680641
03047665
02146001
01997257
02582641
01942641
01828601
00893246
03705041
03058841
03661793
00046957
03456721
01058433
00196353
02266240
03866145
01555233
01781577
01233091
03527323
00668001
00599449
03931201
02988441
01710001
03795585
02308691
00733385
01925401
00824801
03421268
01485581
01931809
02082353
03059201
00145601
01784041
02527361
02212341
01344081
03002529
03331969
01408249
01807681
02299053
02940361
01721371
02274445
00227681
00898105
01093741
00430751
02500178
03938201
01247113
01004351
01271665
03276073
01591025
02045321
00816401
01468001
02759617
01116041
00557185
01278401
03573217
00413501
03896001
02548477
00358566
01060945
03964801
03240633
02416251
03458481
03573293
00455201
01838177
03797785
00392089
03926701
00702261
02593281
02921517
03269217
02503861
01336577
02135361
02737121
00037561
00315649
00921901
02627301
00581341
02297793
00065281
00485401
01434643
00656901
00058881
01376001
03782501
03167741
00933169
00051201
03325953
02860426
00474289
00344751
02466689
01727331
00592041
03924501
02010021
02289505
03935281
01717761
00921445
02676685
03540801
00657793
03352306
00115957
00780801
03291651
03657351
03456723
02432989
00964121
01283201
03153830
00258417
01798401
00030446
00276826
01560001
02512769
00194973
02438093
02399217
01306081
00795137
03206611
02697613
03963959
03994906
03036829
02176889
01614045
00995929
00823705
01796801
03506917
00168161
00615937
03711281
02723929
00614913
00795801
03625489
00991221
00357601
01578881
00412249
00259201
03443733
02427826
01356001
01730481
01508561
02227101
00466831
00768465
03250289
03262201
02993884
01389445
00963251
03640817
03443601
03830719
01183441
01646433
02344803
03672801
02327601
02020101
01405001
00227451
01632532
02977793
01256191
00302931
00674977
03535061
00437756
02182401
00043461
00352769
03966721
00902369
01202729
02582001
03295729
00972801
01005141
00937449
01419376
02298533
01119001
03316407
03652809
01965313
00585761
00547605
01623001
01464001
01637849
01897401
03371329
02101313
01267001
01629221
00225225
00780121
03147521
03501201
02244101
02293665
02001409
02374831
02901521
02019001
00379266
03500689
03741761
03156260
00523457
03326945
02019006
01863001
02000361
02234561
00950541
03072001
03671416
01384771
01080161
02797217
03298541
01002401
01846201
00087501
00994049
00141665
03376001
00780886
03270401
01478913
03527013
02898801
00667541
00166221
03874401
01624591
02600542
03606433
02242561
00106821
01388857
01132801
00897071
01152583
01300045
03366865
00600761
00950401
00102081
02684801
00413201
01674198
02570693
01922041
01736119
00205211
02471401
00091849
00112453
02258689
00094911
01985409
03075361
03398081
01090881
03693025
00986833
00138157
00395041
02157969
03310969
01628001
00603801
01703281
00336821
01591816
01909441
02821409
00987793
02665173
01627009
00344741
03698819
01089601
02803201
03683121
02156449
00470601
01114001
00166401
02893357
01027201
01533697
01314721
01760001
03790401
02614001
03472301
01534784
00303913
01576051
03326805
03048817
01317681
00636771
03484801
02623041
01501601
03701673
00606401
00336001
02634348
02354577
02637961
02666561
01375969
03254161
01468209
03717929
02390785
01405801
03750621
00590451
00397825
02242103
00666701
01787009
01964841
00143021
03841281
03513861
02435816
02495121
01824001
00693073
01619321
01763525
03479553
03977665
03767681
03081803
02868029
00046119
00550045
02256001
03308985
00838413
01302161
00905801
03872206
02457217
02328001
00186841
02227921
01506391
03715521
03142981
00916999
02186601
00199825
00436497
03083269
02408961
03725249
00662201
01377101
02941809
00819841
03480481
02755101
00239121
01305601
03567001
01373751
00949729
03369844
02431076
01233761
00104001
03889401
02889946
01533001
02204929
01902342
00958337
02720513
00757251
01552834
01930362
03478921
02112193
00541241
01841821
02543969
01022011
02459545
02056113
02585129
01288017
00610001
02884529
00652013
01109551
01765121
01245561
01627761
00286451
03072601
00604673
02599409
03824001
00535779
03335781
03231986
03998181
01924161
03130401
01363137
00605761
00494721
03766213
03141101
02584001
02890201
01374473
01598641
03886233
01462801
01654193
00645761
00621281
03076417
03158529
01123301
02377001
01310437
00274561
02300609
01534241
03695426
02277201
01479361
02563841
00839571
01705761
02987137
02980001
00873059
01319665
03974881
03427841
02626817
02416513
00336251
02372042
01721537
02378369
01967241
02633076
02156897
02532541
02494697
03711185
02986881
03228081
02757121
01002331
03810221
03589317
00259845
01422001
03109281
00527451
03688481
01918861
00294401
02774225
00806201
00001281
01886321
03752177
03669781
03757203
02617201
01513681
03197441
03688636
03379841
03884011
03621031
03599501
01220369
02612001
03077521
03462113
00161625
02888321
01001409
03511481
03230960
03180801
02425481
00880456
00888181
02305601
02475761
02682881
01511651
02578051
01803485
02518417
01612545
00918913
02882361
03964313
01494017
00415889
01466126
01774331
03948877
03929261
01929501
00097617
00745441
03245341
03788205
02737921
01716651
02531945
03899051
00499981
00729089
03883649
01551728
00536625
02548448
03528329
01283809
02284105
00692901
02610921
02152537
01169526
02924361
03842017
01600001
01879645
01122561
02106492
01935041
01960947
00056321
01258003
00200001
02196801
01088001
00742081
00711889
02493391
03416761
01643271
02373751
00266401
01146881
01149201
02055041
00172041
01619831
01655463
00650916
03024641
01706769
00333241
02552321
03046481
02506001
02346017
03013721
02375001
00688001
03448001
01177857
02895529
01168551
01796161
01454961
01363053
00552767
01810201
03259761
02556549
02917361
02883161
00711185
01650481
01076081
01885876
00896481
00778381
02795553
02647491
01926001
02055385
02965975
03703161
02112961
01124721
02555937
00540417
02128449
03885281
02393979
00218045
03271921
01750001
02592289
03642261
01081281
02514241
03361891
00848241
01189001
02755201
03722465
02515865
00973201
01103717
03325615
03878577
01369601
01212769
00105305
00561673
03926861
03498519
02584641
00014288
02839713
02272501
01120441
03233589
00660573
03649569
02975201
00719381
01721801
00215191
00444744
00917201
01775371
02893990
03032301
00066481
01507266
02500081
02645585
01783751
03588033
03669376
00643713
02224841
03401601
02390241
01405401
03814913
01622401
01277073
01822569
03661113
01709195
03992093
03105857
03060801
01322241
01900345
01818401
01960201
01753025
01311221
01267893
03240201
01016661
02649851
03615297
03297361
02945817
02807841
00262401
00272001
00974401
03317441
00104577
02163613
02053061
02021481
03777961
02855761
01685841
02109669
01622801
00006849
01337601
00290229
01816571
01267057
01442229
00815501
01086985
02585329
02016657
02353153
02972481
03139969
02491281
00644577
01091501
01921301
02565121
02025793
02968801
01628601
01366777
00388001
01091841
00280545
00371585
01008161
02122721
03738369
01563701
00938907
00939041
03941557
00898711
00647551
00259777
02885901
00621121
00445201
03684673
03970876
02577201
02544705
01318101
03836426
02161905
00596737
03225497
02496801
00610321
02122081
02765441
02229673
02123241
02789751
02337769
02780417
00280471
02818301
02321429
03680397
01952001
00354241
02774641
02397552
01457937
00763953
03858001
03915181
01458401
00784001
02937001
01760601
03920301
02404661
00856097
00391521
01243665
02465351
01028289
01440761
02350337
00060577
01760265
01080211
02075601
01220657
00405801
02617081
02177665
02867713
02793881
03921676
00407751
01995141
00884219
03111733
02222497
01833057
03049921
00084376
00906161
02668541
01482701
00425701
01377881
03731201
03391765
03868609
00713921
00091713
03918961
01281351
00363265
00007189
03912287
02252941
00919169
03573736
03127951
00268201
01424001
02197851
03143630
03226287
02421481
03629593
01794393
00576641
01380901
02277121
01076057
00496771
00979921
01685761
03553473
00248801
02057361
00227925
00935041
02377601
01290081
00253025
02953278
03901851
01984666
03683841
01911793
01491318
03201081
01155801
00726265
03601329
01667011
00624001
01504001
03612001
01827049
03499101
01326849
03357046
01896769
03964481
00486141
02936649
01387677
01156737
00221341
02064817
03192001
00958081
00629441
00428501
01066551
02581761
02702465
02152297
03759681
03227201
02824801
00732001
03228711
02410881
00537231
01357652
02647801
03369001
03288681
02045209
01792129
02997701
03553221
00551201
00330261
00839297
02842457
03377601
01830889
02823217
01268781
00020225
02930857
00454001
01427201
01715693
01378721
02507961
03289281
01368975
01882249
03340578
01418401
02932801
00641729
01834955
00857601
03895271
02276640
03056346
00980801
03890721
03721321
00678249
02962433
02595009
00997569
03488001
03399601
01184641
00680001
02896276
01614649
00111465
01749497
02006121
02403281
02288743
03427361
02304769
02553601
00443393
03502876
00574038
02075781
01987041
02986865
03756001
02102465
01269329
02099201
03266561
02373033
00513537
01182921
03646081
03266301
03533601
00307777
03111209
01531801
03912961
00026061
03604065
02553701
00972289
01220001
02419346
02241225
00651265
03401441
02756737
02281641
02690141
02024421
01814465
03221861
03877505
00125401
01927001
03425277
03354201
03048426
01455601
00755985
03684353
01398201
01498401
01433601
03176993
02478553
03611001
02057521
00969985
00698025
00560001
02796801
01649681
01803185
02087681
02544001
01913985
03975001
00627291
01781505
03316817
02043201
03486645
01498585
01824409
03698021
01434689
02470401
00386361
03588553
01879201
01507321
02344993
01826477
02795311
03321889
03608741
01213801
03853185
01428525
01708421
03122811
01667201
02530251
01917881
03992881
01233973
03124961
01856545
00939271
02475501
00763905
03818877
00207705
02304241
03768319
01347681
01400001
00735329
03846581
01294081
02290401
03722881
03101121
00357621
01058437
02177803
03604599
00752001
03596385
00922001
01412311
03160001
02080001
01149911
01104697
01334281
01351981
02830081
01836801
02642801
02500471
01793361
00722401
00334401
01653761
03059089
03434321
00592865
03188001
03140271
02332245
02897672
03228401
02598319
02314701
03368769
02410241
01961473
02596061
01732241
01564401
00810805
03293577
01329901
01763529
02844001
03410561
02432641
02218145
02365545
02076033
02539811
01787649
02990651
01549041
03143577
01062711
01490768
00277121
01888961
00334543
03413441
00694481
02994401
01673601
03786401
00623361
00429441
00262721
02538313
02538741
01143633
01208041
01908037
01845161
02880961
01868897
00124771
01282961
03471105
01609871
03157265
02042961
02740673
02100721
02308353
00042037
01132697
00048811
01662093
01097881
03334305
02163250
03767355
00179201
02948801
00208129
00337105
02108971
00558961
03567433
03990265
02244171
03075705
00652289
01955969
00125441
02998017
01763441
03687501
00433705
00744945
00298241
02649393
02498401
03681553
02090267
03039345
00967553
00955009
03605969
00096001
03857441
02618801
03284193
01351813
01827239
03543021
01428745
02801277
02429953
00355926
00881801
01608101
03884785
02904405
02154233
00989601
02370881
02789553
00768577
03094981
02829057
02992089
03438951
00658497
02655521
03990829
03858391
03583801
01220467
03427746
00166801
00925029
03859101
03367251
01828461
01798785
03931037
02820481
00262501
03114401
01614701
01766537
03485537
00751733
00489005
03600001
00137945
03245441
03040769
00708161
01430801
03441281
01140351
02720876
01914001
00334641
02613377
00103209
00993931
03380737
02754961
02182641
01335376
03967625
03677701
03674849
02061553
03833537
03285641
03674977
02261171
00240697
01018881
02585001
01866241
02255521
00324101
02657865
00228751
02763139
03186711
00228191
02546390
02205903
01392221
01857665
02275413
00791801
02799945
03225999
01838505
00016113
02400385
00887543
00056891
01869065
00423079
01403801
01618926
00760001
03572001
02271476
01214721
03172945
03452791
01126401
01317921
01058281
03427001
02598101
02341121
00374201
01199265
03490001
03415885
02379856
00288401
00142517
00553201
03374137
00858251
02661441
03681729
00998951
01257081
02965081
03306357
03913921
03571353
00331201
03621121
00824001
00953697
03050001
03637501
00062401
02940001
01501529
01681953
00989201
03789569
01117281
02584321
02215841
01884621
03810393
03838213
00636401
02657537
00967641
01823001
03811169
03807577
02049193
02025517
02909661
00533009
03983457
01548681
02986581
03691393
02606101
00277761
01346789
02120841
00332617
02122673
00683203
02170657
03703985
00111321
03994778
00793905
00839801
00357441
03483226
00729601
02936001
02227201
01066625
02890991
03407873
02381429
03892401
01394341
00494593
00623201
00148001
02021251
01081245
00462065
03159901
01199361
02281744
00423681
03637697
01636313
02722556
03802111
01000001
01392641
02467953
03862017
01407639
00638285
01344961
01096039
01730173
02618881
03631783
00079617
01249017
02514689
01561601
01412099
02787932
01412001
01671661
00753001
02254901
03404957
01357001
00633305
03918369
03926401
00714387
01397341
03637169
03594017
03900161
01633841
02711649
03455741
01701433
00782401
03803087
02008193
01583351
01872321
00104017
03624577
00359681
02442641
01804023
00359201
02991617
01859591
02263513
03474509
00684577
00940689
01827851
02132367
01185521
03964301
02949376
00065951
01454261
02474865
01381241
01972501
01952251
01119377
01325665
03431288
00942081
01981101
00101601
00473601
02916801
02583977
00932161
00516571
00461351
02209041
02809841
02458861
01579431
02832899
02310781
03341511
02357321
03107451
00014081
02863301
00462369
03588961
00555736
02277505
00618531
02230785
03790193
01411697
02369161
03080577
00238726
02766619
03641601
01564033
02288501
00250987
01968217
03870981
00569001
00734529
01381329
01448801
01665825
03716401
03151933
01492097
03420321
01240001
00977001
02935633
01655761
02771969
00301661
01283451
03388877
00463937
03884641
01957387
01838422
00441901
02839577
00340161
00986601
02961773
01087233
00933931
01608785
00193201
02314941
03992321
02361325
02076161
00596969
02799601
00284865
03614601
03406001
01595041
01356617
00614509
01039681
02876401
03364385
03072289
00527201
03763541
00500441
01276441
01850701
00224501
03034745
01069497
02050817
01737942
00273665
02471289
00407553
00384367
00991485
01959833
03838249
02415001
00261241
03118676
01925851
03426273
02103393
00173729
01769981
00067001
03776577
03833201
00013499
00966561
01444531
03404856
02746841
01829337
03472521
03962465
00289505
00725441
01409601
02500097
01659661
02784737
02461103
03131809
03114561
00292193
01903905
02814721
01982873
02896601
00997301
03149441
03215521
01496321
03997761
01265801
02579501
01956841
00219801
01270881
00845201
03332354
01749089
02352196
01755201
02228401
01170337
01490601
00823789
00683551
02123826
00684417
01431446
01333791
01417881
03665421
01333864
00476257
01815866
01995601
02378937
03367601
01096601
02567251
00260001
01792897
02273105
01339281
02975233
02171577
03728501
00917441
03694001
00624385
03196445
01911649
02959349
02299001
01711821
03177753
02761601
01615393
00162303
01143389
02867089
03081793
02795051
01409897
03211041
00579801
00653189
02870465
01951481
03046801
00627201
02902065
01736801
02861377
02065409
02708921
03229361
03996301
01152431
02793591
01555393
00205097
02215681
00877159
00712729
01806721
00363921
01284851
03932929
03180247
01817601
03054401
03349335
02768001
01208726
02276471
03021597
03855965
03371449
03886689
03167421
00776641
00940225
03650888
02014641
03650001
01670041
01999257
01878751
02348197
01868301
00541501
01921089
02378721
01080899
02443161
00623183
01165301
01159817
01733026
02083137
03457333
00910401
03573001
03696801
01050971
03965601
02449851
01001644
03892001
01167491
01858421
01726001
03137037
03591367
03737921
01964863
00954711
02181341
02118401
03705205
03068993
00259136
02621651
00912513
00194081
01567777
03209396
02406401
01105601
03049611
02376961
03949249
02751649
03388111
00317300
03366513
02932001
00318785
00101553
00039601
00084349
03630191
03795041
00034561
00706101
00018001
01158841
00664001
02714625
03768001
00682945
01441161
00510921
00632641
02591011
00169885
00702977
00537601
01286401
00645001
03158721
00392439
01154881
03920225
03984289
00640129
01517321
00868479
01773001
01590725
02054921
00978501
03835681
03068801
00996581
02073681
00634241
03571121
01009521
02064247
03975169
00890375
01579649
02235057
00891401
02062677
00118641
01194221
03635521
01576001
02556481
03925586
00393929
02542401
00833027
00282001
02015251
01003485
00854330
00249851
01341121
00026701
02908521
02513720
02463361
03757721
01982346
03728121
03509009
01161641
00888691
01313071
00299001
00709761
01800129
02912001
01064877
00841985
01252001
03440369
03381201
00239101
00567033
03976871
00498751
00973046
00004397
00127849
03094913
00560921
02040161
02165885
03953846
01130633
02158901
01273873
01729041
02304639
02893456
02570001
03659376
00663859
03420351
00467201
01231101
03200041
02317641
00908801
00352081
03654401
00848258
00367489
03989393
01729901
01795517
01765001
02766166
02993409
01006601
01594881
00641701
00068305
00865092
02979941
03576497
03883763
00554561
00530501
02270161
03399185
02392581
01182951
01221805
02950971
00448137
00877237
03446729
03393537
02267865
03034001
00425999
03127051
00152801
00937501
02908801
01227441
02663681
01683841
02090331
02255241
02206301
01527841
02373857
01735035
02847681
01320561
02590531
03604961
01429121
00199649
01269141
00325001
00799801
00906177
03430251
01934081
00479113
01661281
00168277
03212961
01842737
00821251
03344157
03696641
03539829
03250521
03667301
02792001
03859973
01768361
02171361
01970856
02096517
02045649
03860501
01113349
03315541
02125251
01522895
01237381
02558721
02208001
03137673
02465281
03961829
01857777
01604569
02841181
03632081
00561985
03800001
01291521
01609001
03054433
02594601
03058241
03256451
01224967
02419201
02474454
03215457
01886561
02492801
02371841
01829001
02421745
00397025
02346241
01200465
03064001
03569949
00052011
01876545
03139295
00591201
03013377
02665473
02730241
02808825
02143081
00410801
02387201
00421281
01771441
00977301
01208001
00208769
02526561
03372710
01033029
02976251
02251397
03668401
00385281
00083585
00433991
02534913
03400001
03630961
01697633
01545556
00496581
02225841
01989121
03340601
03562105
03139505
00706049
02633121
03450451
00393049
03635201
02532321
01454657
02604001
02248001
03236561
00166625
01928961
00894561
03147905
01981631
02516401
01420801
00764453
01876001
02779537
00603767
02760881
03938321
03192337
01305121
03497137
01202387
02385713
03900929
01741489
00751740
00015177
02675913
00128001
01631719
01363401
01022531
00322311
02441281
02584876
03096865
01713529
01693371
02953601
01834881
03124473
02492635
03668417
01617515
02926241
00603521
00978257
01352561
02524161
00871201
00059276
00239361
02247121
00367401
02693601
03699956
03169281
00424601
01342241
02530305
01894234
01969151
03758041
00164657
01271585
03244257
00246545
03032441
02720881
01962753
00496257
03622201
03621537
02701441
01110501
01415181
03603647
03016833
02687001
02724999
03109585
03627113
00748161
00887041
02567657
00862401
03386019
03409041
00074621
00268961
02395441
00939495
02521441
03380571
00895229
01508601
03068359
02689421
03301121
01586177
00190089
02587761
03420001
01866201
01537601
02763219
03344976
00479629
01762161
01106721
01253501
02968577
00327505
03632801
00800387
03393781
03940581
01578241
02793601
01870273
01861633
01371777
00042876
01738381
03959101
00133501
02247921
01726751
03784641
03264001
03858893
03449516
01623121
02322411
03702881
00440281
03484977
02915777
01315493
00177865
01167941
01581814
03204097
02924801
01699825
01631558
01384001
03313729
00855177
02393478
02314061
01977473
02676801
03409921
02598726
00569601
00664321
03007001
02451121
03060501
01096281
01810289
03555681
02981761
01668097
01438901
01545201
03444401
02845505
02864881
02267001
01726140
00873281
03976001
03315745
03065681
00290593
00509201
02028751
02964001
01242101
00416001
03423541
03619289
01638521
01543881
03876001
01218036
01855361
02338001
01612576
03508201
03253845
00721169
03625513
03622368
00168801
00206721
03857921
02064751
01493901
02744873
00667093
02809437
03240513
01694201
03722221
03339433
03950173
01879601
00210241
01721817
01943425
00667717
02327881
01517817
01102801
00032641
01547105
02867769
02856541
01149773
00508257
01515521
02178001
01897761
03641629
00799585
01185281
00052721
01826321
02253853
00326781
03060001
01420921
00992651
02089928
02870145
02510001
03453065
03137501
00937595
00198081
00149661
01886901
00344701
02700801
03177651
01066601
02147857
02358946
03578737
03448221
01269761
02307461
00032955
02572569
01329601
03948161
00516487
02983731
01427956
03866921
03643802
03309461
01895661
02314001
03641089
03357913
00894201
00941425
02019281
00620465
02817441
00171701
03735841
01076537
00606937
00755601
00114141
01485615
00493761
00118241
02984631
00887541
03621453
00564041
03049601
03967873
01968833
03185601
03763633
02056641
00364161
00635986
03141051
03371413
00111141
00145481
02345491
00144961
03723505
01811601
02903793
00096401
02990171
01343425
01244417
03041409
02306533
01021761
00303057
03484385
03057201
00858177
03456771
01689601
03875701
00095553
02796401
03899265
01291001
02527241
02917185
00520639
01650001
03280281
01364225
02229761
03624201
01778011
01276917
02909181
02870969
01104325
02588513
01356065
00128081
01711721
02623729
01865281
02891881
02866570
00700001
02467247
00806401
02113217
03416961
03502173
02945201
03565521
01284001
01163993
02380719
03824129
02424449
00836001
00554385
01360001
03405601
03308001
03557825
03167201
02766401
00200361
03578221
01568897
01678873
00592601
00913729
02905601
03975597
01865721
02660481
01440921
02854401
02718201
00358401
02564201
01045761
03285601
01695701
00209761
02539682
01194301
03619601
01276289
02170661
01676161
02827521
00056151
01639425
00192801
00729521
01571585
01420711
01691841
00263131
02244965
02623273
00547361
02446441
02577121
02768961
00917601
03747569
03725907
00779691
01879041
03906219
02044401
00652341
02916485
03353305
00383361
00987401
01508609
02538241
02470881
02290001
02842332
01497345
03227147
03692161
03831025
00052681
02928465
01553921
03870721
03036191
00695489
01817379
00691949
03652737
03984945
00075981
02024225
01408065
01907105
02385497
03568323
03462001
03224201
02242881
03967101
03474961
02037717
02260917
02263553
03111183
03592641
03781876
00335221
03075841
00385703
03858881
03516338
00200022
03939841
01515201
03474805
00863721
00520449
01872201
02793201
03036001
01076701
03009321
03350785
03135901
01164641
02079841
01243161
02966193
01353217
00951561
03653121
00250001
01476321
01627207
02139001
03544313
02980321
03995169
02165443
01461537
02133185
03859345
03056641
03199809
01562501
02356121
03437511
03627151
02520889
01047231
00382126
00708401
01826201
02410626
00433981
03173601
02867525
00523169
02749453
03379621
02888849
00000515
02777665
01300481
00790898
00399329
01026817
03679873
00987221
03918353
00178081
00781429
00537577
01487449
00263301
00274402
00793089
01813845
03355281
01334841
02850465
00070057
00570441
01734581
03014207
03401841
02418401
01649921
01964801
02031641
00661981
02028561
02047511
01424233
03968001
02774725
01761129
03911201
01481601
01477202
02230625
00051001
00752229
02761161
01108141
00377231
00278896
02331761
03936001
03555971
02046513
03563601
00534901
03187841
01834241
03082871
00935897
01948751
02461857
00701811
01255221
00366936
03477269
00400001
00579933
01394177
02363041
00982773
02585701
03472791
02828929
03215809
03686289
03571249
02448801
02464641
01348297
03829049
00924481
02102913
02081861
00917505
00892461
00290545
03527201
00778901
00858313
02310751
03163637
00018405
00641081
01617361
02595297
02920081
03167241
03515901
00591521
00615681
01283041
01514881
02130301
01150251
02560001
00788873
02588481
02244631
01028193
00242587
03374501
01216001
02469139
03596801
01645601
01158171
03448241
01842921
03250201
03212201
03900001
02240129
03848705
02601651
02871576
00789281
01830081
03743172
03677393
00824833
03567391
01731716
02500161
02430951
01331345
01447681
03162501
02447141
00905101
03302001
01060601
00232447
02907441
01829041
01404421
03885217
01352401
02646101
01587585
02786241
01688342
03769485
01031951
01984376
00017381
01977501
02547601
00459191
01027693
01222721
03508831
00236801
02978486
00796561
00583603
00179057
02582686
02509071
00059641
01275137
01396929
03992577
00546726
00132737
02447911
01077633
03772686
01060931
02574701
02694401
00943049
02609723
03143617
03717019
01790473
00629889
01596801
02843801
01026001
01582841
02951987
02357281
03193001
03073977
00007201
02855001
02821445
03027841
03577263
01402989
02738753
01969921
00339849
02727985
03896601
00727661
02942501
00481921
03527873
03655905
03249121
03266217
00927691
00929201
03679910
00958561
01739901
00132001
00310721
03561777
01201601
00626001
01493761
00348161
00938881
02665865
03328761
02427377
00723673
01748609
00307201
02575184
03370881
00058801
00604417
02038881
03044625
01624641
03848009
00388598
03990101
02631105
02788033
01758721
01826857
03875841
03508361
02884321
02372001
01390907
02725951
00025651
01743633
01341211
01860356
02564881
03000225
03918021
02879871
00147201
00091905
00311281
01421601
03360001
00868481
00244401
00991713
03888419
00001301
01224501
00289093
00625721
03900551
00833013
01179905
03371777
03722001
03699201
02636961
01233913
00471741
01553291
03837921
03638017
03526401
01636041
03395343
01307937
01738506
00628886
02232801
03535873
02081169
02491201
01758871
03265161
00610529
02568377
03432001
00724225
02035713
02902241
02621406
00099363
02704691
02659681
00909201
02011636
03279769
01966561
00368701
01181081
03350953
02325105
02961793
03155201
03256514
02176449
02780801
00463489
03448321
03699841
00848673
00972881
01444497
01799041
02081727
00583201
02384361
01833061
02958256
00966481
02479761
03946361
02101905
01666689
01549501
02288001
00791933
00523611
02820001
03768421
01213094
01226585
03095240
00274661
01141601
02804001
00861351
00453001
01734841
00784481
00243981
01602185
03256586
02272857
03405416
00259257
02593401
00900126
01693751
01773913
02208320
01655001
03015761
03926801
03901057
00203601
03915009
02190081
00436001
02575009
03980961
01741557
02065201
03783845
03172753
03886257
02031457
01593401
02568271
02222081
01111465
02164889
00972001
02230753
00967361
00245276
03321236
03840001
00517721
03558051
01266401
00712137
02809689
01997185
02925509
02957678
02779015
00397441
01563021
01728513
00797537
02137153
03765033
00842721
00232833
01630977
03290161
01158849
01969313
00270173
00847601
02760241
00975601
02386833
03202637
01505969
02450001
00913925
00008505
02001411
01857579
01772033
02993281
02737951
03622453
01848901
01601953
01021933
02283137
00859825
00434817
03156161
03949017
02213121
01448961
03458913
01612161
03895281
00896121
00777101
00270069
02345857
03779405
02549761
02176001
02445161
02738001
02821927
00087448
00347171
01582369
03262501
01562169
03765761
00139681
00160965
00171048
00650549
02869281
03633921
00549113
00746321
02555001
02297033
03855813
02638081
00016433
02457769
03696201
03897653
03068665
02606401
03157241
02131553
00594641
01752911
02632385
00304645
03266801
03400101
02042501
00622481
00027009
01809137
03915001
03728479
02569501
02226713
02304401
01072721
03865121
02982649
02760815
00857345
00493865
00751601
03518786
02451051
03945313
00397425
00926001
01875725
02976401
00889201
00261000
01459441
03507115
03367361
00184801
00421441
01574641
03592285
00026241
02174401
02258853
02153411
00023241
02643201
00085761
02160881
01184049
00487249
02071745
01783601
00247161
02625751
01442999
03316867
02892001
00474721
00472041
02276001
02368597
01099711
02699201
01674226
02295917
01376951
00324161
01812237
03302913
02143305
00023941
01514057
02575521
01665001
03396865
00750981
00768001
00992601
02770721
03613721
00759873
01278361
03693825
02198825
02099937
03650475
00223255
03899081
00750741
03488801
00064361
00151001
01682529
01775313
00038561
03001017
02161153
01957026
02323001
00030981
00164697
01410579
01250001
03557201
03945072
03573761
00146225
03775441
01174673
01364393
01588001
01472101
00373905
02686081
03538721
03485751
01431416
00693889
00018301
00879873
00774753
00500833
00348497
01690359
03628101
03912041
03846721
01633761
03675121
01843201
01071601
00905489
03116977
03901601
02846593
03016049
01331445
00256001
03433345
01702721
01992993
00721153
01136313
01322001
02587641
02133701
03545173
01146113
00806951
01133121
02032351
03351601
02950401
02161626
00828439
03883351
03957741
01737641
01882509
01238767
03927753
03741281
00136565
02567501
01289581
00578925
00681551
03391331
01673817
01524535
00674857
02514485
00377201
03310857
02234781
00598529
03930245
02046577
02139777
01705751
00505281
02227001
00826825
01648601
00639376
02458081
00528801
00203777
00773633
02635405
02192001
02450841
02083701
00221601
02586541
00778561
03662017
01724801
01602438
00976673
00070601
03652341
03956723
01300225
01158401
02370433
03313641
01402841
01535649
03024823
02830201
03416611
02272401
01330241
03339622
01485169
03030956
03259601
02137785
00436481
03386833
01157301
00399037
01897841
03539132
01697055
00532161
01605051
02593601
01533633
00695297
00822601
00547809
02752001
02428057
01848041
03776113
01825409
03493377
01961301
03545557
02366481
00225581
02592421
02257897
03836943
02589121
02297098
03298121
01518465
00852669
00057409
02290521
00583561
01680001
00979787
02357505
01411841
01399810
01334401
00941825
00725761
02135761
01469401
01013319
01538751
01268741
00365313
01876609
00664601
02494301
01380401
02212441
01525101
03156225
03278271
03174401
01675939
03396351
00590341
01541053
02216641
01898505
01839979
02250673
01226951
02388161
00749975
02719001
01157217
01739841
01876385
00800001
02307296
00235971
00340001
01343486
01311127
01771121
02573537
02015581
03228361
00001769
03468626
00582501
01335505
02054601
02391811
02526441
01447937
01510125
00146061
01339601
01789085
00869081
02823791
01748845
01751001
03750433
03734179
01518881
02129301
01528597
00654081
02241251
02546731
03811041
01923529
03851969
02948429
00870661
00982401
01916241
01489313
02266081
03187141
02669501
00577961
01834445
02071044
03791021
00898701
00116951
01542551
01772161
03533473
01510425
03461225
02032737
02763123
00274001
00058561
01833601
00569321
01604971
02475517
01120817
01252385
00454373
02516691
02226209
03303001
00560801
00537251
02053521
00614646
00720001
01384941
00554497
00896129
00530561
00077337
02549521
02034711
01806720
02946801
02097201
03843491
03898001
02065481
02115969
00749281
02057589
00710637
03462326
02129649
00310251
01366401
00562929
02249521
01431117
00580801
01658281
03416065
01258001
02372501
03908944
01135701
02454691
03582685
03533715
01710011
03857409
01410767
00192001
00261561
02236481
00766185
03622129
01401981
03981291
00691001
03853197
03712129
01878321
00950133
02247201
02909267
03166657
03634791
03311361
02652001
02808901
03177611
02664001
01802041
02218821
03942401
01195797
01590545
03344867
00141734
01073769
01350977
00236641
00835060
00346625
02414146
00065515
00076425
00684961
01265441
00729786
00011767
03720641
02200161
03800065
03737843
03622657
02300763
00157825
00279997
03163849
00017559
01910401
03611393
03634241
01845761
02449521
00902185
00144049
02760101
00641681
03988801
01675136
00215105
00876681
00953525
03750641
02756797
03509633
01028001
02708081
01523041
03257601
00341147
00186611
00664661
00195841
00300001
01283417
03061369
03398849
01744881
01694601
01064401
03177201
01721201
00110225
02220909
03974001
00844321
00320334
03048251
02104881
02596757
01266145
01067051
00999937
01311643
03246401
02405601
03337473
02573137
03741977
03539201
02053601
02668721
03873985
01702693
02661761
00618769
00987651
03655319
00335041
01807141
03866593
03906991
01004801
00205561
03018801
03391041
03699751
00607505
03348899
03101673
00912001
03612369
03130953
03987651
03645201
01399297
03944905
00289281
03912521
00816886
03978401
02828993
02422051
01391441
01856516
03140001
01669761
01517529
03976121
02609345
00016337
00997001
01002137
00707841
02621441
00127771
01300153
03784376
03908561
03938276
03855843
02734081
03799548
01270039
02381001
01675173
01572837
00927051
00996289
02907261
01366861
03493570
03239681
02057301
03065297
02423199
00746841
02830841
00458401
00727726
00348376
02736801
02344577
03674753
01894651
02275841
02717441
00372009
03845249
00137986
00882241
01653561
01645981
03433473
00845475
02335211
00652496
03112133
01740026
02059361
03364801
01126201
03652361
00508801
02653441
02831468
00601361
00109775
00627537
02497985
00946177
03997441
02029769
02755001
02967361
01535796
02551009
00358145
01786501
03271771
00040545
00461993
01691776
01520769
03073511
01880391
01617511
01228497
01332901
01306150
03426065
02729537
03266513
03070081
01759483
00783521
03241571
03109185
03156129
03540001
02279821
01107953
01737715
03923637
03259169
01316088
01206397
01585897
03650945
03619041
01531165
03801173
00404161
01356909
03804781
03166721
01168001
00704821
01693761
01627437
01777269
02475577
00754274
02253569
00946181
03652339
02379049
02150701
01419481
03585141
00859076
02851491
03729586
03188105
01411201
00950895
00485651
02042885
03726337
02675411
02603921
00295796
01364001
02115201
01802881
03595257
02237041
00598041
03790145
00696001
01030241
03898561
03735569
00557301
02004836
02977679
03163721
02580001
03175793
01381349
01883211
01285405
02465569
01817281
03086217
01491702
02403241
01007351
02513417
00197405
03277057
03584769
00383713
01276485
00464321
03901111
03722951
02252545
03636561
02032513
01001921
02291201
02456451
03674001
01991451
03633261
03719429
02454769
02198691
00642661
01616556
00868201
00920177
00845351
02968401
00593474
01187065
00952369
02534905
00281601
00618481
03928385
01271417
01186561
00212705
02113581
00738001
03518641
00899289
00521941
01514401
01974801
00399713
02846631
01542451
00955921
01184721
01956353
00599089
03930695
03936992
00137921
00554801
00085538
02810617
03177041
01105561
00021401
03694401
01542053
02597609
03392001
02831981
00776001
01184257
00687481
00094501
03076973
02231761
02423201
00745649
02059265
03611371
02101747
00644421
02244153
00690480
00724673
00490801
01334019
03940251
00492001
03884097
03263233
02012681
02250001
03460701
01464577
00355681
02785481
00302861
03199777
03632837
03195365
03022401
00105601
03230689
01059309
03604295
00112001
03106561
01412801
01039361
01269867
01336689
01725351
03861276
01440367
01503617
01151651
00608129
02201521
01086656
03121232
02537053
01984463
03121081
00320001
03445561
01973729
02274361
00816241
00704001
02588801
01683511
01615169
01241697
03065181
02304011
00349126
02202929
00515641
00880001
00229329
02210011
01391461
00649001
00123201
01259001
03793251
03910329
01478461
02503169
03701175
03318255
03538817
03433921
03718845
03701601
02914001
00776601
00550001
01428383
03339521
03071473
02855569
00497689
00878689
01705041
03520266
00905001
01798169
03702401
00156001
01628301
01892481
00761033
02394001
01125941
02922153
01081601
03449231
01308606
02751401
01632301
03849528
00026822
01418605
00284227
02300865
01970001
03720225
02236771
00344721
03402805
00810441
01623475
02654561
00494525
01835001
03576666
02349241
00503025
01732889
00615041
01486465
01718911
01614776
03103561
03236861
03941377
00062161
01547161
00593833
02524865
01742076
00391936
01352801
02338049
03020177
02392401
00175057
00745953
01749247
02111201
00599311
00922301
00742986
02724376
01832961
03316945
01012225
00051713
00515751
02587265
03383001
02103325
02914497
02482113
01839741
00449249
02250401
01308751
02673841
03886027
03015231
00675461
02543548
00920849
02436097
01997281
00010561
02533141
00610354
02243876
02089201
02003201
01939621
01943657
03251201
01606697
03262795
00117841
02497809
01921793
01774312
03493041
03906401
00899389
00405501
02512801
00088001
01596125
00787601
01120961
02702211
02016001
00242521
02096641
01849721
01209651
01927041
02100737
03188681
00286081
02289057
01662601
03629017
02322761
02225601
01828041
01446105
03209041
00852337
02499711
03441153
02064321
00215321
01950369
03280001
03276785
03470001
00960497
01276097
01033093
01677231
00681721
03330993
03021281
01113311
03553647
01904385
01685601
02817121
03769581
02123201
01769861
02886923
00681361
01166251
01054891
03530201
02714401
00754295
03291921
01480001
02446529
00100818
01353609
01768161
03373577
01395461
03546497
01922201
00826593
02456321
00840001
01234049
01878121
03668481
03726657
01975101
02504641
03834351
01644729
01149921
00609729
00149001
01645953
03878001
01731330
01287681
03883857
02853117
03009793
03848641
03156981
00428721
02500001
01529217
02588806
03595713
02563201
00050501
02472261
02552641
02140562
01512081
01539393
01358281
02756961
02695781
01631409
01867203
01386321
01269393
02355863
00940321
03566301
01570305
03243649
03223689
01401601
01008409
00905814
01565809
03057049
02852001
00525913
03473880
00046593
00501643
00925065
02705001
00263601
00517621
02214601
00025401
03178449
01663321
02569729
03579561
01501869
00725667
02734583
03566201
00223681
02665921
00454721
00328721
03605609
00739921
03200001
03975841
03076401
03376769
00963121
00630173
01971933
02041337
01977921
00235201
02789165
01616259
02446601
02872321
02291526
00092201
02340715
02856001
00362273
00951101
03172561
00491913
01408691
01400481
03450625
01965561
00501249
03804161
00342101
03282537
00270601
02824122
00708001
00542251
02525779
03015161
00815601
00232162
02590626
00669921
02734017
00048849
03571201
02358785
01535401
03150203
02064761
02685185
00875051
03087361
01253201
02975471
03081421
00163265
02669601
01657595
02890753
00018945
02868833
01436561
02740891
03383041
03235041
01577505
00296321
03193801
00257627
02692353
00000881
01627505
02571057
03826717
02764585
02084121
03599201
03500111
01821001
03167361
00395401
02691321
00616001
03859480
02458761
03998401
02695073
03703873
01807677
01936001
01958529
00308929
02359201
01662876
03398501
02473017
03593601
00534951
03775971
02428861
00068225
02087617
02012541
00954200
00489385
00249801
00564537
02087761
01205441
01345780
02908393
00120001
03070801
01960041
00917401
01488481
01918465
00421311
01300001
03301021
03015741
00334701
03024398
02402291
01761905
01072961
00522369
00851796
01797076
01053401
03040001
00974361
02875305
00014341
02638297
02034781
01966875
03713451
02169345
02064481
01514001
00749221
01564857
02567705
01520001
00705697
03508031
01114795
00987761
00496561
03144141
02453681
01008689
01825281
03377321
01121281
03624041
02868993
00925425
02009449
03093501
00933121
02895801
02631201
01731841
02738756
03332311
01682621
00978751
02207133
00867329
00028161
01215681
03798801
03585067
03296401
03043121
02559409
02108561
03938001
03843571
03754849
03817301
02732001
03187501
00265521
02301801
02033301
00806321
02166343
01003521
03719201
03008001
02007041
02086691
00377941
02071881
03274201
02672786
01870401
01970671
03569921
02349193
00040266
02088641
03944801
01627421
02621505
01524373
02830401
00402401
01498681
01861569
01868289
00837441
00396801
02566273
03436551
01050161
00327297
03423179
03944705
02104721
00678633
02542537
02648329
03809961
02856577
00160001
03763201
01651201
00601057
03761931
00852801
01292545
00324126
02945077
03685633
03408705
03767297
01547611
00677451
00858001
01313001
01518616
02881537
01403501
00863197
00552521
03690769
01987147
02297857
02896241
00476481
02240401
01279185
01393153
02125249
01699641
03334105
02031841
03276001
01280401
00070641
03245705
01485208
02433025
02744901
02992865
01380871
02094801
00215481
02535353
01949053
00798267
01778038
03747600
03400581
01358041
02724353
03544833
00228353
02556850
00256265
03651521
02767761
02786689
00657105
01046001
02545607
02929626
00159801
01683849
01238101
03870825
01365249
02538605
02460049
03522945
01829071
03798745
02357793
02495233
00591233
00003421
00756848
02563501
01712557
01536203
00695977
03481105
01511113
00145857
01735953
01732437
00306817
03150721
02747881
03888001
03576751
01709991
03045553
03232721
01411425
00066561
00943217
00305001
03766001
02965657
02934601
03756801
02088721
02093389
00580291
00057601
01972737
01225001
03948801
02617361
02319491
01762421
02321281
02959201
03082821
00598723
00457611
01873921
02138695
00964201
03731713
00730721
00106241
00872271
02603457
03814145
03291601
00452161
02108265
00804105
02791487
03388613
01284217
01239841
02555157
01996401
00860321
01001601
03059501
00464001
03465459
03109837
01061081
02142501
02888521
00389897
02284001
00035457
03729281
01501311
00708881
02689753
00819893
02493921
03536326
03314161
00037771
02477441
01090001
03601121
01942465
03130739
03513601
03236501
03233801
03509013
03563201
03917617
03471831
00622461
01380501
01124001
00363393
02902521
01529521
02999737
00209717
03016236
03302401
02552185
03329377
01133157
01229825
00525793
03504253
01937631
01170049
01115521
02952001
02891441
01789301
00711221
03718771
00460545
02860521
03739691
00820445
03247264
00825953
03418017
01323329
02861023
00241051
01385977
02651321
03094001
02734225
00634849
01298945
00058717
01303041
03675976
02557241
03573289
03724865
02924876
02684313
03837441
03618441
01469729
01043981
00446401
02053201
01400071
00239821
00754519
02060673
01107873
01859601
01920001
02272001
03750341
03144601
02902401
01429853
02258801
01672961
02156801
02846341
01132451
02335801
01879801
02956053
00871921
02077539
03436801
00406256
03165409
03717969
00051301
02220801
01458601
03991703
02199021
01176521
02995201
01707449
00025201
00899057
02089427
02730281
00447009
03959937
00381299
00517827
01657281
03022849
03487425
02961361
03838721
00204401
02284409
01636481
00015399
00758845
00551907
01261493
01982161
02414081
03738721
02663169
00409857
03006473
01331169
00500929
01964673
03312701
02288993
03987145
02903041
01165541
03530241
02878401
02300817
00651237
01231649
00716061
03891905
03782593
03452831
01648841
00181761
01253301
01140585
02600469
02565901
03037441
03122376
03408001
02761985
03422081
02175601
02012801
00506065
03970001
01440577
01859521
01110881
03448961
01383417
03814954
00216001
03043291
03735801
01791547
03916601
00601377
03170007
03743681
00004299
01844097
01846401
02801126
03510289
00296833
03752961
03530961
03116481
01417121
00628483
03870861
00917797
02516982
03870041
02519681
03569549
02336601
03931415
01632081
03269631
03732801
03857637
02275353
02466817
02152929
02539646
00237251
03788471
03384577
02952951
01132001
01040241
00236265
01332001
02971227
02685441
00487481
03972297
02794857
01687913
02455231
01330945
03994113
02998193
02424297
03238081
01110857
02685179
00494001
03189761
01103961
00745537
00331601
01677321
01607161
00613641
02668133
02033937
01206373
03252707
01374646
02011973
03936126
03772661
00026369
03007206
00355041
02734021
01100001
02943001
03291129
01238337
01027841
00266469
03744001
02527841
03263001
03765361
03924993
00048126
00471901
00332737
00733865
03253057
00291233
01202081
01751301
00593201
02771913
02716961
03124307
03881217
03883501
00339002
01685769
02087041
03103697
03999543
03307421
01275705
02750201
00850545
02740809
00992526
03768961
02025121
01545916
03716329
02266401
03930171
00258401
01036641
01635801
01807121
00942121
03453337
00750381
00486121
02844097
03755105
03158000
02937601
01833793
02833209
00754721
03112681
01023569
03522521
02809049
03438721
00482801
01966097
01312545
01754537
03190801
01832521
00591241
01097987
02269697
02020661
01839401
01537261
03094529
02353361
01322909
03318725
01400173
01840751
01425601
03886145
02195201
02585571
01043201
02425251
01431501
02105601
00387937
01648625
00442161
03104121
02856971
00299729
01220405
02591561
03865601
01047589
02567571
03125149
03403801
00954001
01744102
03024897
00434941
00175241
01109181
01561169
03986401
01649281
02794751
01148613
00377601
02816473
03411713
00671981
03349889
03407361
01927871
03340001
00545507
03342689
01922516
00356881
02740321
03171065
01301001
03017953
02731541
00791809
02177559
02805841
00682145
02255041
00542481
00007921
01480911
00872001
00110801
01929457
01045751
02834165
02680129
02013421
03833001
01980505
03451857
02395017
03827061
00063265
03878833
03204501
02389985
03178101
01359201
00326401
03618365
03379481
00278529
01186753
01839041
03564801
00682441
02655021
01224001
00198033
01203201
01416321
02360657
03923148
03826831
01253871
00620341
03987061
01796509
01025409
00331101
00070529
03190001
01632261
00812239
02351361
03741765
00232801
01778401
00253249
00489041
01838681
00431841
01948161
02462501
02764159
00115201
01494401
03038841
01743361
01640733
01722001
02288449
03506251
02040001
01816897
02799521
01435841
02176401
01367545
01958771
02156833
00388417
02421441
02158401
02899951
03989441
02699241
00151151
01326561
00535033
00207577
03055265
00612501
00276801
02330743
03035021
03263321
02357269
02053569
01638401
01111801
01295025
00482257
03002671
02642951
01165997
03707905
02441021
00276841
02348401
03983841
03940721
01025801
00253905
01519801
02882890
01832027
03176401
03125161
02764401
03574209
03974801
02077565
03403041
02514711
02561445
03079489
03534252
02999841
01188801
03880276
03224609
03865021
00274230
02577473
01911377
02706881
01455775
01497601
03643521
01575447
01390881
03248001
03272371
03084433
00399201
00171714
02710126
01785429
02750497
02585569
00432897
00727409
01950721
00227631
02707817
02980737
00962819
02537601
03001601
00682781
03216561
02806721
03176833
03934073
03587601
03943553
01315577
03321921
03851689
01851013
03677905
03512929
00129281
00995769
03648436
02268973
01345025
02918401
00801665
00690201
00409817
01239089
03121121
01931165
01407201
03242281
02426936
02222641
00847287
01197841
00660001
03122571
02947601
02246903
01316705
00528513
02170124
03059745
03056801
01246451
01352121
03549949
03910941
01282902
02280065
01080321
03228757
03322633
03493889
01981171
02434799
01237501
00417769
03159551
03656249
01130361
02527233
00159751
02830209
03879809
00850583
00285521
01006881
01158273
01394369
03160281
01310671
00944001
02783921
03614081
00022741
00543281
01213407
01308361
03716131
03166751
01108101
01142273
02140801
02220221
02567301
01262401
00528721
01520261
02901161
00260865
00652801
01790657
02792201
01481831
00124201
00473793
01229161
02083313
02006051
03508721
00000001
01858531
00414026
00719409
01109881
02742273
02680001
03662189
01643001
01517581
03594433
01217181
00029889
00535601
01280121
01308806
01961601
03061481
01516001
00216251
03319337
01762001
00677366
03495961
03354161
01869953
02176751
03938381
02454601
00289409
03268369
03283201
01231185
02130297
01762151
00638401
02754241
01532861
00316001
00894225
03529381
03387406
00228081
00459437
03607553
02696497
01252824
01010729
01179393
00636961
01022951
00519921
02048001
00576723
01649841
00506961
02066001
02837001
00726137
01912501
03776001
03752881
02941601
02642791
00051776
00156801
03052253
02867193
03134081
03211361
03667201
01470801
03394641
02632281
02041299
03404779
01484007
01892193
00537361
02147793
02434771
00985731
02606711
01285121
00996001
03295441
01107991
01191021
03805185
02280353
01599377
02395593
00072211
01156001
00952193
02447601
00416397
00539843
02232961
01556759
02962177
00609201
01209601
02844401
01142401
03183521
01015449
03518473
03485021
03137537
01844521
03560641
02999625
01961726
03982081
01044353
03994037
03091777
02629057
03639504
00200641
00825601
01963793
01773471
00412416
01872001
02883201
00537501
03667001
00901641
03907905
01717681
00996641
00996801
01794621
02995531
00723945
03249187
02153601
03215321
03786563
01901488
00350401
02748225
00248321
02077753
00321601
01060001
01997521
03876865
02914097
02682401
03143795
03419275
02123121
01702881
00544001
02134823
00066465
02713345
01385031
00239617
00442401
01842881
03037313
02660881
02267425
01674561
01207141
02175045
00572441
00606247
03314113
03792554
00820001
01483041
01256741
01856921
00758449
00323651
00720921
01898069
01344471
00376321
03081201
03389361
03570065
00613697
03977217
03021361
02607631
02188161
03272177
03742341
02622981
01822403
01692977
03676339
02409573
00874241
03919081
01073665
01675555
01831665
03536161
00363505
00889561
00623801
00318751
02513057
01954501
03543505
01278055
01162059
01282655
03063921
02642921
00036081
03648165
03634101
02560817
00107233
02780795
03497901
01660001
00370705
00847617
02173001
00400769
01140401
00709231
01950849
02579321
01495081
03617941
03597601
03474209
02979697
00246401
00484161
01483679
02212161
03290079
01279377
01353701
03468001
03497273
03989550
00633953
02831201
02350127
01160961
02840337
01465761
01825851
00068361
00402161
02334685
02871613
02881251
02797937
02163593
00956001
03218369
02103617
03972481
00013461
01552851
00110441
00525057
02125001
03114241
02564609
03382177
01055913
02362171
03640481
01927461
02490801
02610401
00726945
02880001
00990977
02859521
00286849
03205625
02404865
00544801
03713043
00848851
00686529
02262401
01057537
00041521
01689851
03346569
02685089
03655671
02407793
01841985
00042001
02874113
00449081
03495211
00136267
01158465
02990401
03436326
02098489
02167281
02465911
00278657
00638081
01089539
03940737
00242441
01415097
02156497
03455151
03528713
00506401
01942929
00135451
03333571
01069876
02726176
00356961
01474169
00251329
02015041
03589193
00681601
02018621
02643076
03546881
00695651
03542873
03079937
00283481
00886221
00623301
00165651
00794191
00238849
00832281
01257501
00444778
00047201
02367341
01447859
03530801
03717121
01580881
03788926
01498753
02072323
02305185
00771713
01199497
02307677
02042676
03284079
03717201
03462529
02370497
02300465
03378761
01635001
00980369
02362297
03461117
02286289
02179535
01926895
00849793
02858689
03154433
01353095
00125001
02478769
00636001
01987993
03900271
03364481
02120401
01283813
02851793
01985297
03124261
02547499
00539121
03008321
01318401
01185693
03604541
03593501
02017141
02275073
01157201
01444345
00218481
02791035
00754861
01986561
03242537
00696736
00821701
02107361
02304601
00732085
03041281
00625089
00165457
03834881
02013681
00578147
02887501
00062001
01159001
03770611
02564381
01720321
00217857
00120641
01693985
03054905
03879297
02536001
01141137
02275226
01544873
02169921
02545101
00321841
03654081
01638977
00113625
03397121
03557353
03641735
01291101
02990961
01250961
01846561
01542301
01399545
01076785
03653921
00321921
00890225
02346969
03415801
02827345
02285251
01795073
00749261
02031501
00797601
03023521
02393521
01844049
03280825
03235001
02107153
01160001
02677121
02011073
02799881
00593601
02634961
00972921
01114925
03030703
03701255
01848769
03614721
00752861
00609787
01181276
02018771
01361521
00481801
03267201
03561793
02696641
01397501
00137281
01742181
01894836
03794566
03492689
01678151
03376061
01084801
01020617
01071761
03269081
00564997
01116881
01727361
03159571
02938789
02347301
02813553
01104401
02307881
03750089
03384657
00526193
03943121
02976001
03913261
03416769
01214401
00455561
01298761
00991145
00385421
03973031
00125313
03990676
01165821
01890273
02500061
02063929
03475017
03372161
01651721
03174233
02663921
00901151
02214977
02219352
03971513
00985706
02284801
00731751
02877601
02620001
02668737
01641561
00209449
00705001
00779376
02118801
02235473
03597745
03483981
02842501
03124541
01207583
00536661
03615651
01523094
00645501
03790821
03969641
01643841
01030737
03349856
00422501
01675681
01772961
02042513
03178773
01136545
03322211
03993001
00688226
00963091
02552465
01382401
03853961
00535395
01631601
01436912
00732953
03024481
03536199
03182881
01378501
02498001
03790801
01620801
00380213
02396141
00221449
01937177
00646276
00158513
00046501
00841471
03166026
01243801
02660361
01813921
00858296
01014121
00154777
03482625
01658561
02009057
01445861
02958531
01638809
03489441
01844411
01189945
01630241
00498481
01447497
01420565
00164737
00817521
01938656
02335840
00815361
03068105
00381001
01706033
03004289
03294445
03500001
03794861
00938961
03837249
02450529
00153190
00281641
00207601
01438461
01271381
03858761
01593551
02849121
03299841
03356046
00197753
01428156
02069761
00950433
03466570
03252353
01254850
02298001
01529511
00184001
00584129
02087985
01899501
03443676
02292389
02674153
02130785
02473889
02881681
03709161
01803105
03439281
03171251
01826901
02654281
03210241
02577281
02968776
03345705
00623681
03840981
03674881
02797182
03754401
00460481
03364449
03511881
01580305
03770241
03427701
02160681
01171959
02795876
03270201
02399594
02604321
02556291
02865041
01534217
03379633
01676091
01899737
00523521
01033405
01371601
02663505
02004441
00266241
01605161
00155507
01911501
03990597
00677889
03376859
01489201
03854005
02504071
03571857
02019025
02131251
01130501
03884801
03021601
02691201
00684739
01975265
01437841
01339377
01734826
00113861
00340707
03751853
02776381
02531841
00070351
02143287
02424705
01783101
01402237
02646351
01592513
01636326
03480001
00837161
01813521
01580061
02591857
00741851
02686401
02658817
01312525
00692865
01413516
03017121
00577121
02600081
01510181
00350061
00157441
02174721
01804035
01837937
00360001
02845953
03017601
01124801
02136321
02688701
00984031
03746397
00542551
02587877
00093101
01648261
01299361
00902145
01110201
03451701
01441025
00267697
01339921
02407511
00188161
03640121
01932661
02449921
00170193
02883327
01044833
01824513
00610817
03399633
02358049
02074201
00751873
01452049
00066817
02438313
01240961
02979201
01324169
00714241
01365007
03481047
00719833
01916501
00835841
02801061
02125717
02765201
03368521
02862051
02120001
01578561
02598240
02000821
00137741
00978929
03357653
00020001
01140001
01809573
02241025
00007301
03494401
02099681
01891441
03229881
03043217
02911521
01882881
01253121
03198921
03258501
00364469
00376901
03617641
01892967
01605111
02800825
01917591
02082625
03112961
03735281
01824897
03358851
02046497
00155001
01321601
00834081
02090881
03194121
01713921
02807281
02099905
01308481
03112071
03586049
00088641
01177521
03639765
00735041
00532321
03443201
01079265
02152237
01078001
03780065
00047521
02240421
00242751
02023421
02103257
02444297
00036161
00154001
03413201
03367696
00732385
03948751
01428237
02826481
00230971
00361526
00919201
03867861
00414977
01502813
03502561
00972601
01661537
01175676
02214967
03212081
03780351
00842047
01624921
02899177
00404873
02539401
01641601
03891501
02603537
00795841
01830237
02630721
00849803
00848961
03568585
03471851
02839201
02006017
00758312
02561081
03957465
03393153
00380201
00105351
02895809
00006576
03550321
00669511
02733025
03609723
01840257
01704721
00651441
00469673
03923143
00023041
02461761
01912809
01955569
02790265
01824985
00214209
01662641
03753721
03578678
01432001
03776561
00936701
00661161
03542833
01157601
02174251
02107921
01931521
01734401
02200777
02607057
01937921
00652141
00188636
00758001
02487501
01846876
02060161
00136481
00807181
01875697
00824337
03751687
00265185
01659905
00967031
03141421
03445401
01598177
01495531
03443401
02241281
02579371
02559009
00140831
02479353
00585665
00049001
00206693
03177353
03295457
00756225
02100971
02348801
01042657
02722001
00897501
01833377
00351732
03443009
01491061
00535001
00252193
01400121
02069641
00108141
00950501
01194881
03522177
01351121
02682801
01974177
00584101
02349097
02681001
03857141
01676177
03565561
03411331
00764289
00235381
01232641
02972111
01710209
00041905
03950201
00881921
00033841
01122409
02305689
02654931
03266251
01510801
03573221
03741201
00007642
01149057
01460201
03979411
03657761
01378741
03714281
03435996
02834376
01064617
00488436
01958721
00191301
01498049
03657025
02794581
03630971
02340713
01168701
01049841
02397521
03811489
03512551
02539231
00269825
02857413
03322301
01043243
03797221
01748281
01570249
03621801
03467297
01113640
00542721
03637921
01100661
01895746
00309201
00295601
01858361
01644801
02627681
02633201
01013777
03751265
02122506
00408961
00071386
03951551
03750191
01481729
02005510
02920965
00372653
02312471
01390701
00947311
00068247
03331985
00945081
03216867
00702131
02947691
02501148
00317841
00346883
00587615
03416009
03857733
03133845
00125201
03734201
00879037
01318017
01697121
03516601
00121401
03481925
02663621
00288001
01348099
01268787
03520001
00045249
02342283
00665961
00785189
00151545
00465401
01140441
00138941
00588801
03249541
00124716
00463561
01631401
03076217
01531393
01719201
03292901
00538901
01747713
00494161
03019481
00681329
03101736
02153689
03353167
02975153
03367585
02283825
01719521
00206446
02219201
02494833
02613561
02986497
00974145
03337309
03527138
03859687
03053241
00610151
02335345
02576865
01322751
01946619
01056376
02506881
01376958
00686561
01301501
01364861
02989521
02250321
02625537
03457201
03613101
00853441
00529221
00928161
01013825
03015441
01648801
01159425
00244534
02968981
03454001
03550001
02894641
02910365
01271201
03976609
03867441
00011521
00057909
02671473
00964609
00497921
01880001
01426703
01167251
02155721
01171569
00097012
00973897
02568987
01102342
00085521
00026913
02963501
02896421
02144257
01298889
00804997
01603593
00316217
03697761
03579911
03436913
03896206
00651001
00972968
02727031
03077121
00474241
02971521
02366721
01592785
01390546
02880869
03491041
02017524
02011451
03523952
00377857
00332461
03531521
01471345
01004649
02562129
03313201
03532273
00999601
00826801
00470026
02036001
02002945
00836626
01607835
02750401
00205987
01421461
02308491
02974851
00601135
03182161
03252993
03108321
01972035
03871601
00322081
03363051
03752391
01742041
03378501
02530841
02593861
01999021
00037341
02171297
03885633
01950813
03128161
02521401
03770753
01614001
03152641
00556801
02759009
02936577
00961587
02832319
03860243
01635501
03190977
02661701
02945037
03941393
00685354
02531767
00692265
00573721
01349617
01144321
01237251
02793511
00519621
00352001
02124761
03108297
02047629
00318601
00165572
00920001
02329226
00099041
00924001
02978817
01867921
02572641
00157617
03310693
03379121
00438081
00239841
00615001
03660091
01864657
02582351
00867617
01725545
02205021
03719945
00347041
00009409
03100001
03886826
02600001
01709313
03117753
01478726
02045021
00865209
03418131
01530401
02873746
01030245
02735681
03072993
02444311
03363661
02605181
02664101
00694721
01349121
00626241
03730497
01821169
00354961
02018953
00147126
00926851
01169861
00850945
03097481
00334465
01609329
02110161
03209089
01145551
03740769
00984971
03483901
01474728
03951201
03597761
01955241
02315471
03672631
02529751
01837905
03033961
01733131
00399801
01060873
03019225
01048945
01472881
01409777
00005916
00395631
00964451
00265489
02978081
00287991
01871032
03088641
01393001
03960001
02018201
00221181
01805129
01379857
01954193
00926081
03079217
01444441
01649739
00344011
02115947
03943001
02175881
00188251
03805777
02397001
01505995
03944431
01968001
01058793
00539201
01077121
03794305
01669101
03354696
00160081
01887321
03907177
00974305
01268641
00863817
00046401
03071857
02220761
00888801
02042769
01785081
02152247
01534753
03665793
02739105
01506201
01195849
03523401
03403057
01804801
03539841
03280451
03842985
03052771
00363841
00416161
00656001
00270201
01467201
03177761
02915329
01075729
02320841
03787661
01790977
00422401
02068753
03646721
03396289
01407585
03379201
03718153
01379309
00401409
01942102
02338081
00498101
00251041
02432073
03735681
03516609
00283249
01705505
00183465
00718913
01084441
00926721
03844201
03698561
01890881
01310081
00279561
01821211
01266017
02005601
00402449
02975741
03878801
03316705
02711961
03254785
03094481
01128819
01143901
02673905
03463201
00204773
01048225
00916961
02626313
00543001
03605118
02088001
03557829
01084385
01519169
00751561
01053081
00810001
02902361
00033201
01356561
02627801
00320769
03789886
00961101
01642377
02824161
02154817
03406251
00855145
03557589
01637601
00078254
03865981
00842619
03531661
00224961
01142241
03230150
03193601
02146489
03967089
02720681
01186477
03071793
01108661
03734993
03476801
02840001
02721773
01224517
01233639
01252476
00455551
03614209
02348321
02222281
03311351
03130841
01456501
02480731
03918209
03138817
01208081
02064501
02697681
02093361
03310337
01773841
02552427
03641969
02705409
03125913
01910017
01767169
02467841
02895361
00497437
00721937
02078949
01575201
02637633
02495780
01485761
00019753
02590721
02678109
03183861
01034615
00431761
03640801
03358745
03500593
02308321
03198069
00667201
02380001
02643073
03996369
03368321
00919081
02327041
02171521
00887801
03727441
01150121
00961889
01176223
02374347
02531513
02266929
03386241
00986531
01552641
01444775
00177626
00889041
00327451
03922543
03203657
02957361
03639201
03195626
01516883
02421294
03545217
03436161
02887841
03805001
01599151
03725775
03923101
02959411
03705727
01449051
02289751
02658561
00970549
02996801
01738026
03521921
01947351
03063233
00138161
01801721
03020269
02382049
02366121
00441708
01344001
00220225
01305491
01556993
03259036
00516737
00043251
03334079
01049501
02487721
03153601
00070409
02078401
03909377
00476877
03457181
03874917
02096251
01158177
01573153
00180481
03584833
02861211
02528031
00947201
02957608
02822691
00479449
00198145
02051305
00811777
02377201
02950021
02267601
00962501
02405857
02654801
00971073
00520561
01100061
01535001
00148633
01607301
02305281
03586001
03319095
02227413
00677411
01743601
00262421
00869185
00216193
02535001
03055809
01047041
03704261
01422101
01879809
02913871
01552321
03214459
00798241
00276513
02891951
03174017
00638451
02914801
00456832
02386801
02459029
03024321
01027709
00504705
00503745
03404381
01938357
03853836
01682089
03395921
00507126
02212877
03225277
02403841
02880376
00365281
02878561
02659811
01166201
03201921
01113017
03777985
03137441
02298115
00003657
00415841
03980231
00573441
01674369
00055185
03559201
01088469
02034529
03860381
00198471
03625101
00689761
01606291
01472081
01909201
02985271
00780289
03433201
00657021
00104521
01493745
02872961
02224407
03515873
00975841
01844901
00415397
02779001
00217601
01304401
02077569
00418049
02692833
02954424
02956393
02439001
00895985
00367713
01648129
01972171
01931875
00160961
00413321
00886721
01700913
03339776
01342001
00600577
03994129
02985681
00939985
01877721
00236879
00995201
01487105
02299045
01560321
01892241
03496833
03254568
02248861
02570961
03728761
03503001
03292673
03560901
02120961
00436867
02017201
00414337
01644877
02025141
00199169
00916801
00260059
01968481
00420985
01621321
02158641
03703281
01167617
01821525
00116801
02876566
00230997
02328501
02205736
01448171
02737351
00584597
02374977
02511501
01260577
01451601
02651301
01467999
01222245
00092025
01338241
03684789
02523601
02088334
02435193
03330113
02038145
00302521
00834109
00960833
01922753
03550626
00610241
02971057
00439281
01743593
03689025
01408001
00671391
01312001
00621633
00796801
00257793
03422241
03577601
02841601
03272001
00167501
03509901
01290961
01757016
00468379
00623001
02809857
03027969
00510201
02280961
03628751
03581953
03856001
01180861
01886721
02629156
01314033
02344793
00341985
03492982
01204193
01213681
03380401
01087651
02136001
00848065
03403611
00850881
00593921
02585387
00995937
03863107
02078497
03658497
01342961
01623265
03231057
02230701
01584097
03435601
00266101
03239009
00745985
01511865
02758081
00440001
02148745
02409261
01196001
00602401
02287841
03054721
00178441
02937721
01104841
00468593
01149121
01437775
03253321
01823351
01433785
02861801
01376921
02965041
00782663
01703941
02579825
00462269
01719139
02765249
02639641
03896501
00405249
02227089
02970971
00424587
02592057
03981809
00576721
03114415
00377241
02566945
01982273
02270901
00220041
02454401
03486096
01790351
00345901
00585080
03031091
01822121
03572209
03386801
02967477
00140901
00379841
02196529
00290305
01870977
02961861
02357889
03638401
02353861
02300641
03121401
03728881
02325841
02931791
01514801
03421217
00211225
02150601
00993601
00040417
03234251
01358465
00143881
01785441
02556001
00326829
03916065
03069816
03892133
03490475
03801793
00576261
03322993
02866717
02627519
00144641
03898497
02632392
02377401
03046001
03268971
02055174
01324581
03703681
02885457
01978101
03611821
00663681
01609121
03190148
03085249
02258193
00980253
03347361
00915841
02566181
03109881
00223621
03156901
01648726
02646517
01648449
02618985
02908001
03540853
00180006
01160025
03357537
00208801
00094801
01664001
02550001
01097601
03555841
02649251
03583001
03122641
01057511
03775001
01945801
00108701
01650421
03195201
01309245
01218117
01167201
02621621
00897261
03841591
00414441
01408481
01226241
01969397
00766201
02972981
00879281
02921026
00650241
02293841
01271233
02427084
01281201
02609017
03474801
01569281
03053921
02031091
01242113
01943933
03492769
01702501
00656881
01702001
00239497
00232961
03314361
01702936
01092561
00433757
02448651
00758177
02975671
00556993
01156377
00227201
01172813
01505461
00029185
01723473
03939201
01653401
02451201
01275221
00701729
01024291
00249601
00691651
01280161
01721429
03870501
01785515
00500449
01053569
02500609
00116353
02996793
00686625
02735437
00759321
03437621
03230861
03467001
01437815
03366011
02888001
00725697
01689081
01263889
03512529
02449377
01118840
00355441
03231993
00336161
01079181
02354817
00110071
00090067
00227843
03824601
00819176
01755777
01133161
01706881
02201761
03504001
00812001
03648281
03696385
02820786
00384001
03889321
00382721
03683001
00184465
02598611
02261201
00130211
01233553
00126726
02562541
00223437
03329001
01437657
02008577
03416833
01959393
01236865
03045737
01125121
02899281
01988733
01606861
01148993
00548801
02939749
02227401
00003501
03704137
03309849
03824801
03562501
02435001
00295436
03313921
01783201
00308993
03744545
03155121
00819089
01336325
00255409
01350743
01641221
02608181
02714061
02017601
01843581
01712807
03241697
01607585
01726785
03560705
01308476
03506749
01495917
01901905
01613601
01879813
01937953
03132859
03179681
02259451
00620461
03157761
02063297
00197141
00290001
01504321
03903393
01786001
02891665
03555421
00621581
02472201
00347501
00991301
03106501
01962041
02393921
02636221
03322033
01932639
00591553
02731666
02960001
01700321
00810601
01955741
02803137
03033017
03071201
03875457
02469237
03246561
03768833
02549057
00654337
02524801
01927601
00642081
03127065
02241537
00113651
00322561
01112801
00323993
03491433
01957255
01244161
02753201
02441329
02151137
01488401
00213265
02527181
00530101
02286811
00354641
00651873
00970213
00968201
02054837
03668849
01780353
02317001
00515905
03790381
00929417
01709529
03351681
02517201
02227969
01829181
03440961
01976405
01845104
03471501
02267825
03292581
03739951
02852894
00394817
02510945
01600921
01139803
01541773
00046231
01534081
02926876
01642730
01761057
01080489
00196865
02883425
00400129
00535809
00317601
03158561
01387681
03962045
03588221
01376201
03387825
02366271
03937741
01013683
00354561
00959901
03994001
03566401
02399189
00602881
00920161
02582085
03139841
03165787
00537801
02465061
01965425
01400721
02039201
02206421
00186171
03645421
00432961
02724971
01587521
00962817
02666411
03539425
00388687
03354451
01788957
00919961
03607041
00149857
00442521
02803311
00464086
01258341
02628649
03815425
01482497
02335881
03625345
03708321
02460601
03622849
00165121
03155301
03497665
02157741
00968593
00523601
02558017
01437233
03677441
01983701
03340385
00064281
01640790
01213195
03779601
00936361
01522801
00789301
01482621
03952325
00423071
01128705
02345601
00266161
03734951
03125001
01662401
01983281
03062561
00211399
01583345
03659501
01277076
02453279
00800689
01812865
00387889
00121857
00045313
02429697
01061357
03310626
00188701
02097371
03459347
03220801
01424446
03321331
03930076
02061441
01188353
03806301
01647853
01600237
02050581
00623871
03938641
03316581
02075877
00451673
02879361
03137665
02494801
00648961
00323869
02090301
01594201
01582681
03264715
01443265
00015681
02989526
00477467
03118711
02539201
00352639
01105153
00455425
01390431
00889120
00067851
03601501
01311489
03534785
03045581
00702826
00361329
00746721
03965953
03472001
02060801
03647681
02192717
00636801
02982601
00582173
01569505
02351836
03581760
03484617
02676545
03423617
02907051
00949929
03679841
00822301
00071169
01308161
00877185
03101825
02400486
00702101
02425761
03834126
00974826
02263879
01859573
00573426
02295001
01031905
00831361
00922589
00297265
03606553
02703041
02097353
02408141
01076321
03737401
03824151
01115121
01028707
00616961
03566081
00769521
00761113
02507602
00356451
02998657
03130651
03397164
00099593
01701249
03206641
02214081
02930187
03215841
01722209
00460705
00921813
01121289
01607576
01341561
03096401
01973761
03569191
00350721
03504091
01999971
00175909
00981119
03264185
00699423
01782501
00717953
02933681
03108481
01083111
02627107
03066881
03128053
01060511
01983751
03084523
03609401
01991921
03231501
00212905
00353921
00526081
02579081
03979875
01846081
01249921
02419209
03602561
02954601
03210401
02184145
03476517
01971451
01400577
00734089
02940929
01848601
00162461
00400545
01230001
03966121
00461361
03904241
02581626
01240053
03977729
01952201
00354601
03336241
01146081
02754369
02302685
02855697
00222201
02745425
02126813
01248513
03749321
02545601
02241441
00815209
00976101
00357951
02981710
00860251
00671233
01785985
03650497
03973937
01088201
02333441
00632353
01600691
00328961
01248066
01436001
01285377
01542401
01626113
01700449
03881201
01135857
01574401
02533401
00027431
00219477
00403409
02442773
00185199
01017593
02556177
02358361
00397213
00767969
00112591
02298401
03531701
02283681
00455729
03272065
00733941
00583301
03499889
00798436
00586673
01505741
02258301
03214881
02324145
03918481
00909121
00283001
03453441
00763489
02944891
01855301
03012971
00476757
00158301
02769879
02750266
03804201
02289401
00348821
03595651
03382191
02255121
02544401
02112021
03067201
03739713
02250331
01804761
02700153
00916019
01191681
01431001
00858821
03225781
03373081
00096721
02105801
01661505
00076001
01451001
02881255
00739521
00567662
03380501
03847133
02465503
03113201
03688001
03090369
01197330
00499729
00018433
00215201
00793605
00047309
00680157
00099301
00024001
00556913
01458164
03018721
02228721
00924876
02591169
01235641
02695457
02048601
01317281
00605201
00883351
03122433
01225251
01145301
00380001
02493431
03347993
00472577
01529681
02819796
00939591
01906433
00823721
02756273
00510501
02905645
00987237
00439981
00107593
02924081
00648886
02282001
03590401
03528961
03898821
02171901
03836001
03807297
01629441
01038651
01484601
01196226
01484673
00145061
03652001
01867522
02857361
03862249
01214625
00617601
01982031
03973600
01682948
02384001
03292601
01860001
03692001
00207501
03193085
02365441
00413905
01344801
00053233
01973185
00246681
01312295
02967273
01492793
00066049
00694001
02513527
03822231
02320001
00312691
03334369
02067201
02008663
02453601
03664385
02473241
03187001
01885521
01508706
03583649
00065701
03701739
02373201
02272961
02584481
01220801
01708385
01526221
01700497
03676881
03829251
03884616
00348801
00086441
02816601
02779206
02173953
03382801
03947129
00178651
02260001
00994601
01571301
00873601
03817373
00901487
00883041
01234921
00918501
02227591
02100865
01086729
00424876
01998337
00694917
03053181
03998049
01699801
01450273
01562297
00116441
00644673
00937753
02955169
02706817
02422641
00021601
03754729
01350501
02377051
03571645
03601393
01462641
00038401
00786241
02455748
01636609
03210537
02622201
02835859
00127001
02472033
02918449
01414401
02475521
01695001
02246801
00866776
03120577
02528977
02928548
01451265
03717169
02097877
02331566
02390281
00535549
03564866
01330153
02040501
02433851
03864001
01602001
00690793
03896829
03913985
02688001
02799049
00964737
01156577
00967001
03510111
03721281
03565281
01720641
03583601
02893001
03623254
00605641
02702286
00073985
01263041
00931521
01483801
00261211
02649011
01794465
03864441
02142041
01738501
03984001
00478701
01787665
01627919
01301761
00326593
00931451
02093481
02571101
02789221
02295076
03099457
01734577
03624641
01262713
00885901
01867841
00086769
02145421
02731056
00985985
02415461
03372801
03940057
03102321
00596033
02318881
00278275
00838016
02117233
01959745
00024705
00153901
00142209
01774081
00270241
01389701
01617777
01400305
03588481
02302471
00072241
03657601
01707081
03755901
02483473
02549450
03110243
02395617
03623447
00638625
01725137
00539801
03006751
03602321
03877057
02355129
00723233
00045401
01903746
01652449
01386261
02399265
02224141
03716201
01686081
03941121
00519957
01194329
00250501
03807909
01273441
03648065
01105201
00144001
03504481
01632593
01028553
01776513
03132661
01647561
00183201
03262581
01292401
02673601
00994817
02152337
03311865
02489441
01466241
01488513
03073181
01460401
01290001
01814048
01873161
00688681
03215745
03363365
03197451
01052761
03416321
00799436
02009601
01286337
01953793
01531201
02145404
03594548
02396241
01953329
01160673
02031357
02344881
00540801
01924561
03778708
02879861
02503841
01941601
03521321
01831501
03229889
03878401
03657235
00883577
01572801
01070241
00706081
02741175
01563265
03232081
00384915
00614593
00801817
00250084
03045537
01628561
02310764
00954401
01095421
01844561
03336643
01248480
01104777
02484937
00111001
03714561
01747841
01955751
02838731
00218801
01681081
00839111
02896581
02236161
02210091
02083841
01366465
02066113
00904001
00062804
03230721
02675851
01530577
00793273
03907601
03490041
02481921
02557025
00579821
00899889
01645302
02303497
01600193
02432611
01831361
02934801
02337881
02165101
01739201
01792001
00935645
00732161
03759169
02238209
02629085
03925133
01323641
01051617
01126821
03216827
01157633
03138481
00382465
01701371
03612801
02921091
03032401
03420745
00304921
02846657
01979501
01471481
03751251
02892673
01657687
01839631
02221101
01681665
01676501
01019918
02470673
03127001
03209625
02381825
02938701
02554531
03306241
03971626
02995865
03467347
00142321
01069025
01869826
02754941
02469061
01122626
03745833
02454001
03512927
00614481
00151641
02057201
00574417
01818777
02049601
02895301
02844929
02748149
01160217
02111667
01789441
00572017
02226129
03069656
03877633
02305041
01691713
02896208
01149197
02654131
02873649
01136653
02628097
00011425
01343233
03670401
01276461
03143737
01829601
00000577
01224861
03186561
01216041
01579777
03968641
02731597
02536961
03269919
01771841
00923801
02733153
01632161
00116281
03643056
03790541
03422869
00744128
03146121
02355233
01328881
02248509
01475169
02802113
02883599
00592795
03094841
00374641
02552501
01710661
02155846
03789029
03726501
00161921
03091305
00276721
02770201
01148556
03018271
02543593
02509311
02312641
01424465
02809713
00549945
03586151
01580041
02004457
01154515
01809153
03053569
01872977
00710671
02097169
02245289
00593121
03581501
03286501
01134017
02299721
03716321
02632155
03271226
03601001
03673221
00183503
02159501
03245001
01451843
03563165
00119383
00031051
00233729
00228701
03664617
01155781
03370054
02080411
03991751
02709681
03726401
00737641
03279001
00546001
02107545
00944353
02821819
02429345
01289091
03592597
03334901
02509041
02349793
00040061
01712701
02613629
02236361
00820217
03707061
03991361
02970753
01321681
03480239
01005741
01389001
02398249
00493041
01837569
03717889
01198020
01401313
02757541
03156401
01443457
01857001
02163481
02329769
02224641
02814081
01173801
02581817
02160293
02882221
00522435
00998321
02568751
00037575
00751037
03054581
01628126
00516625
01647233
00897801
03988001
03935433
00539721
02344361
02378601
03496001
02517091
03471431
03247681
02880791
02349601
00700969
01431726
01966601
03495118
03077781
02342785
00757201
03667969
02961301
03107849
01338501
02267261
00139337
03388001
03988481
02731881
03875023
03279549
02199185
02103041
02681217
00136801
01081677
03036247
01359401
00820585
02176461
03342401
03439651
02893849
01011629
01858401
00845606
00862301
02082485
02363521
03851819
00247421
03145201
00441943
01234961
00617121
03286081
00269271
03132145
02507781
01130841
03485117
03258305
03988317
02778881
00114645
00824961
01385537
03675601
02520962
02739201
00518971
00408849
02114601
02848801
03626001
00370481
02257553
00480501
02976961
03838889
03915137
00587521
00514001
02412161
01215201
02862401
03221511
02205001
01560501
03335429
02191425
01496001
02253731
02694481
01995501
01631593
00519105
00577431
00555315
00153601
00869321
03775041
02743627
02958067
01544961
02527401
03413041
00820401
01581801
00302985
00027471
03437121
02352001
00382657
03510401
03892481
01966406
02235721
03144001
03461377
00506737
01174501
02973441
00346246
00316901
01592901
03492401
02595453
02089992
01929101
02746309
00695365
00601869
02721895
03825909
03598241
00984881
00265585
00991761
01722341
02166576
03553025
03890969
00296641
03304121
01887329
02063033
03430691
01674401
03984201
02521507
02193801
03763550
00091693
02022711
00517001
00176641
01423841
03129329
03064449
03261185
03641441
03710373
03708651
01428173
01895501
01074689
02279303
00208001
03473009
03378433
02008957
02637435
01171876
00974561
03046493
01101081
01280001
03256001
00557105
02870657
01844737
02467201
01102197
00480001
00294033
02374966
02861505
01752801
01923751
00650955
03228801
01948833
01796001
00017225
02283313
00432301
01383476
01688065
03091841
01137177
00335233
03279281
03047501
01329013
02360595
02812433
03717141
00580553
02699989
02172801
01466001
00143901
02113561
00888481
02395841
01041281
00867009
00957891
02478857
01845337
02110121
02453169
02702629
03673641
02025729
03595587
01716681
01821499
01205569
03117401
01892360
03606785
02240001
01912969
01266293
03908689
00611041
01872898
03754229
01060581
02021861
01478401
00302241
01821601
01180673
03217683
00703481
02503431
03427165
01253473
03255361
03055201
03686863
03111841
01613472
01223841
00646181
01758501
03379701
00634385
02521921
01333825
03082151
02087321
03862609
02796447
01137185
00466213
03809521
03680531
02507441
01670401
03552401
03544599
01898201
01007425
00381441
01080961
03846529
01249426
00211801
01799809
02890401
00446817
03279041
00556001
02257423
02783751
02809905
00802001
02475601
02267787
00906137
03280411
03090257
02325377
03175945
00302409
02781141
01606849
02939921
02709825
01638273
00884801
00608001
01411145
00934971
03955789
02681825
02927617
01714601
00759001
02759901
00402951
00817601
01063433
01859201
00309413
03139644
00721591
02125761
00278851
03224321
02891001
03927101
02585601
00977757
00701001
03565209
03478809
03778305
02551297
02784257
00456641
01089641
03539681
01124457
01098557
01613553
02402401
00384201
02170565
02686961
01745153
03046401
03340161
00203521
00126001
03523329
00377191
02404601
02702575
01520641
01143921
03555881
01472941
00061972
02193153
00816306
02325981
01828577
02285971
01266501
02534145
01457245
02624401
02582785
03560186
01942513
02618241
01770001
03210675
01267141
01421689
02415905
01177347
01452537
03675001
01100961
01301941
00836865
01169889
02199873
03411905
03342801
02312065
00775341
01789021
00570401
02751681
03958277
03214801
00457616
02820881
00833379
00931011
03300161
02058033
03998717
01294385
03013713
02046001
03242241
02536177
00600561
03460524
00226009
03430081
03968501
01060701
01987665
03709441
02674524
02370001
00863701
02510719
01801985
02815553
03725671
00041241
01388749
00508626
02496869
01621425
02898721
00052161
03784961
02788881
03543901
01599801
01419918
02815001
02369521
00462413
01191945
00661761
03641361
03564897
03227905
03779729
03912577
02070881
00921361
01391001
03946753
01912893
00751761
02866305
02894310
01200771
02428497
01496785
01640551
03967951
02362614
00755201
01592001
01266273
03516161
01292521
03747313
02161537
01403281
03301521
02165281
03239457
03027585
00675831
02102689
03678401
00531201
00841729
00292649
00596726
03627451
03216541
03737899
01647193
02867409
01105626
02694641
01565801
01375761
03171856
01198199
03265787
01011367
02655101
02250801
00774785
01387996
02246401
02152217
01579601
02676261
02743351
02621421
01506433
02281501
02003841
00414431
02432741
00733701
03681041
00484201
00865553
00042881
03226481
01432381
01269971
