10000
00010000
00009999
00009998
00009997
00009996
00009995
00009994
00009993
00009992
00009991
00009990
00009989
00009988
00009987
00009986
00009985
00009984
00009983
00009982
00009981
00009980
00009979
00009978
00009977
00009976
00009975
00009974
00009973
00009972
00009971
00009970
00009969
00009968
00009967
00009966
00009965
00009964
00009963
00009962
00009961
00009960
00009959
00009958
00009957
00009956
00009955
00009954
00009953
00009952
00009951
00009950
00009949
00009948
00009947
00009946
00009945
00009944
00009943
00009942
00009941
00009940
00009939
00009938
00009937
00009936
00009935
00009934
00009933
00009932
00009931
00009930
00009929
00009928
00009927
00009926
00009925
00009924
00009923
00009922
00009921
00009920
00009919
00009918
00009917
00009916
00009915
00009914
00009913
00009912
00009911
00009910
00009909
00009908
00009907
00009906
00009905
00009904
00009903
00009902
00009901
00009900
00009899
00009898
00009897
00009896
00009895
00009894
00009893
00009892
00009891
00009890
00009889
00009888
00009887
00009886
00009885
00009884
00009883
00009882
00009881
00009880
00009879
00009878
00009877
00009876
00009875
00009874
00009873
00009872
00009871
00009870
00009869
00009868
00009867
00009866
00009865
00009864
00009863
00009862
00009861
00009860
00009859
00009858
00009857
00009856
00009855
00009854
00009853
00009852
00009851
00009850
00009849
00009848
00009847
00009846
00009845
00009844
00009843
00009842
00009841
00009840
00009839
00009838
00009837
00009836
00009835
00009834
00009833
00009832
00009831
00009830
00009829
00009828
00009827
00009826
00009825
00009824
00009823
00009822
00009821
00009820
00009819
00009818
00009817
00009816
00009815
00009814
00009813
00009812
00009811
00009810
00009809
00009808
00009807
00009806
00009805
00009804
00009803
00009802
00009801
00009800
00009799
00009798
00009797
00009796
00009795
00009794
00009793
00009792
00009791
00009790
00009789
00009788
00009787
00009786
00009785
00009784
00009783
00009782
00009781
00009780
00009779
00009778
00009777
00009776
00009775
00009774
00009773
00009772
00009771
00009770
00009769
00009768
00009767
00009766
00009765
00009764
00009763
00009762
00009761
00009760
00009759
00009758
00009757
00009756
00009755
00009754
00009753
00009752
00009751
00009750
00009749
00009748
00009747
00009746
00009745
00009744
00009743
00009742
00009741
00009740
00009739
00009738
00009737
00009736
00009735
00009734
00009733
00009732
00009731
00009730
00009729
00009728
00009727
00009726
00009725
00009724
00009723
00009722
00009721
00009720
00009719
00009718
00009717
00009716
00009715
00009714
00009713
00009712
00009711
00009710
00009709
00009708
00009707
00009706
00009705
00009704
00009703
00009702
00009701
00009700
00009699
00009698
00009697
00009696
00009695
00009694
00009693
00009692
00009691
00009690
00009689
00009688
00009687
00009686
00009685
00009684
00009683
00009682
00009681
00009680
00009679
00009678
00009677
00009676
00009675
00009674
00009673
00009672
00009671
00009670
00009669
00009668
00009667
00009666
00009665
00009664
00009663
00009662
00009661
00009660
00009659
00009658
00009657
00009656
00009655
00009654
00009653
00009652
00009651
00009650
00009649
00009648
00009647
00009646
00009645
00009644
00009643
00009642
00009641
00009640
00009639
00009638
00009637
00009636
00009635
00009634
00009633
00009632
00009631
00009630
00009629
00009628
00009627
00009626
00009625
00009624
00009623
00009622
00009621
00009620
00009619
00009618
00009617
00009616
00009615
00009614
00009613
00009612
00009611
00009610
00009609
00009608
00009607
00009606
00009605
00009604
00009603
00009602
00009601
00009600
00009599
00009598
00009597
00009596
00009595
00009594
00009593
00009592
00009591
00009590
00009589
00009588
00009587
00009586
00009585
00009584
00009583
00009582
00009581
00009580
00009579
00009578
00009577
00009576
00009575
00009574
00009573
00009572
00009571
00009570
00009569
00009568
00009567
00009566
00009565
00009564
00009563
00009562
00009561
00009560
00009559
00009558
00009557
00009556
00009555
00009554
00009553
00009552
00009551
00009550
00009549
00009548
00009547
00009546
00009545
00009544
00009543
00009542
00009541
00009540
00009539
00009538
00009537
00009536
00009535
00009534
00009533
00009532
00009531
00009530
00009529
00009528
00009527
00009526
00009525
00009524
00009523
00009522
00009521
00009520
00009519
00009518
00009517
00009516
00009515
00009514
00009513
00009512
00009511
00009510
00009509
00009508
00009507
00009506
00009505
00009504
00009503
00009502
00009501
00009500
00009499
00009498
00009497
00009496
00009495
00009494
00009493
00009492
00009491
00009490
00009489
00009488
00009487
00009486
00009485
00009484
00009483
00009482
00009481
00009480
00009479
00009478
00009477
00009476
00009475
00009474
00009473
00009472
00009471
00009470
00009469
00009468
00009467
00009466
00009465
00009464
00009463
00009462
00009461
00009460
00009459
00009458
00009457
00009456
00009455
00009454
00009453
00009452
00009451
00009450
00009449
00009448
00009447
00009446
00009445
00009444
00009443
00009442
00009441
00009440
00009439
00009438
00009437
00009436
00009435
00009434
00009433
00009432
00009431
00009430
00009429
00009428
00009427
00009426
00009425
00009424
00009423
00009422
00009421
00009420
00009419
00009418
00009417
00009416
00009415
00009414
00009413
00009412
00009411
00009410
00009409
00009408
00009407
00009406
00009405
00009404
00009403
00009402
00009401
00009400
00009399
00009398
00009397
00009396
00009395
00009394
00009393
00009392
00009391
00009390
00009389
00009388
00009387
00009386
00009385
00009384
00009383
00009382
00009381
00009380
00009379
00009378
00009377
00009376
00009375
00009374
00009373
00009372
00009371
00009370
00009369
00009368
00009367
00009366
00009365
00009364
00009363
00009362
00009361
00009360
00009359
00009358
00009357
00009356
00009355
00009354
00009353
00009352
00009351
00009350
00009349
00009348
00009347
00009346
00009345
00009344
00009343
00009342
00009341
00009340
00009339
00009338
00009337
00009336
00009335
00009334
00009333
00009332
00009331
00009330
00009329
00009328
00009327
00009326
00009325
00009324
00009323
00009322
00009321
00009320
00009319
00009318
00009317
00009316
00009315
00009314
00009313
00009312
00009311
00009310
00009309
00009308
00009307
00009306
00009305
00009304
00009303
00009302
00009301
00009300
00009299
00009298
00009297
00009296
00009295
00009294
00009293
00009292
00009291
00009290
00009289
00009288
00009287
00009286
00009285
00009284
00009283
00009282
00009281
00009280
00009279
00009278
00009277
00009276
00009275
00009274
00009273
00009272
00009271
00009270
00009269
00009268
00009267
00009266
00009265
00009264
00009263
00009262
00009261
00009260
00009259
00009258
00009257
00009256
00009255
00009254
00009253
00009252
00009251
00009250
00009249
00009248
00009247
00009246
00009245
00009244
00009243
00009242
00009241
00009240
00009239
00009238
00009237
00009236
00009235
00009234
00009233
00009232
00009231
00009230
00009229
00009228
00009227
00009226
00009225
00009224
00009223
00009222
00009221
00009220
00009219
00009218
00009217
00009216
00009215
00009214
00009213
00009212
00009211
00009210
00009209
00009208
00009207
00009206
00009205
00009204
00009203
00009202
00009201
00009200
00009199
00009198
00009197
00009196
00009195
00009194
00009193
00009192
00009191
00009190
00009189
00009188
00009187
00009186
00009185
00009184
00009183
00009182
00009181
00009180
00009179
00009178
00009177
00009176
00009175
00009174
00009173
00009172
00009171
00009170
00009169
00009168
00009167
00009166
00009165
00009164
00009163
00009162
00009161
00009160
00009159
00009158
00009157
00009156
00009155
00009154
00009153
00009152
00009151
00009150
00009149
00009148
00009147
00009146
00009145
00009144
00009143
00009142
00009141
00009140
00009139
00009138
00009137
00009136
00009135
00009134
00009133
00009132
00009131
00009130
00009129
00009128
00009127
00009126
00009125
00009124
00009123
00009122
00009121
00009120
00009119
00009118
00009117
00009116
00009115
00009114
00009113
00009112
00009111
00009110
00009109
00009108
00009107
00009106
00009105
00009104
00009103
00009102
00009101
00009100
00009099
00009098
00009097
00009096
00009095
00009094
00009093
00009092
00009091
00009090
00009089
00009088
00009087
00009086
00009085
00009084
00009083
00009082
00009081
00009080
00009079
00009078
00009077
00009076
00009075
00009074
00009073
00009072
00009071
00009070
00009069
00009068
00009067
00009066
00009065
00009064
00009063
00009062
00009061
00009060
00009059
00009058
00009057
00009056
00009055
00009054
00009053
00009052
00009051
00009050
00009049
00009048
00009047
00009046
00009045
00009044
00009043
00009042
00009041
00009040
00009039
00009038
00009037
00009036
00009035
00009034
00009033
00009032
00009031
00009030
00009029
00009028
00009027
00009026
00009025
00009024
00009023
00009022
00009021
00009020
00009019
00009018
00009017
00009016
00009015
00009014
00009013
00009012
00009011
00009010
00009009
00009008
00009007
00009006
00009005
00009004
00009003
00009002
00009001
00009000
00008999
00008998
00008997
00008996
00008995
00008994
00008993
00008992
00008991
00008990
00008989
00008988
00008987
00008986
00008985
00008984
00008983
00008982
00008981
00008980
00008979
00008978
00008977
00008976
00008975
00008974
00008973
00008972
00008971
00008970
00008969
00008968
00008967
00008966
00008965
00008964
00008963
00008962
00008961
00008960
00008959
00008958
00008957
00008956
00008955
00008954
00008953
00008952
00008951
00008950
00008949
00008948
00008947
00008946
00008945
00008944
00008943
00008942
00008941
00008940
00008939
00008938
00008937
00008936
00008935
00008934
00008933
00008932
00008931
00008930
00008929
00008928
00008927
00008926
00008925
00008924
00008923
00008922
00008921
00008920
00008919
00008918
00008917
00008916
00008915
00008914
00008913
00008912
00008911
00008910
00008909
00008908
00008907
00008906
00008905
00008904
00008903
00008902
00008901
00008900
00008899
00008898
00008897
00008896
00008895
00008894
00008893
00008892
00008891
00008890
00008889
00008888
00008887
00008886
00008885
00008884
00008883
00008882
00008881
00008880
00008879
00008878
00008877
00008876
00008875
00008874
00008873
00008872
00008871
00008870
00008869
00008868
00008867
00008866
00008865
00008864
00008863
00008862
00008861
00008860
00008859
00008858
00008857
00008856
00008855
00008854
00008853
00008852
00008851
00008850
00008849
00008848
00008847
00008846
00008845
00008844
00008843
00008842
00008841
00008840
00008839
00008838
00008837
00008836
00008835
00008834
00008833
00008832
00008831
00008830
00008829
00008828
00008827
00008826
00008825
00008824
00008823
00008822
00008821
00008820
00008819
00008818
00008817
00008816
00008815
00008814
00008813
00008812
00008811
00008810
00008809
00008808
00008807
00008806
00008805
00008804
00008803
00008802
00008801
00008800
00008799
00008798
00008797
00008796
00008795
00008794
00008793
00008792
00008791
00008790
00008789
00008788
00008787
00008786
00008785
00008784
00008783
00008782
00008781
00008780
00008779
00008778
00008777
00008776
00008775
00008774
00008773
00008772
00008771
00008770
00008769
00008768
00008767
00008766
00008765
00008764
00008763
00008762
00008761
00008760
00008759
00008758
00008757
00008756
00008755
00008754
00008753
00008752
00008751
00008750
00008749
00008748
00008747
00008746
00008745
00008744
00008743
00008742
00008741
00008740
00008739
00008738
00008737
00008736
00008735
00008734
00008733
00008732
00008731
00008730
00008729
00008728
00008727
00008726
00008725
00008724
00008723
00008722
00008721
00008720
00008719
00008718
00008717
00008716
00008715
00008714
00008713
00008712
00008711
00008710
00008709
00008708
00008707
00008706
00008705
00008704
00008703
00008702
00008701
00008700
00008699
00008698
00008697
00008696
00008695
00008694
00008693
00008692
00008691
00008690
00008689
00008688
00008687
00008686
00008685
00008684
00008683
00008682
00008681
00008680
00008679
00008678
00008677
00008676
00008675
00008674
00008673
00008672
00008671
00008670
00008669
00008668
00008667
00008666
00008665
00008664
00008663
00008662
00008661
00008660
00008659
00008658
00008657
00008656
00008655
00008654
00008653
00008652
00008651
00008650
00008649
00008648
00008647
00008646
00008645
00008644
00008643
00008642
00008641
00008640
00008639
00008638
00008637
00008636
00008635
00008634
00008633
00008632
00008631
00008630
00008629
00008628
00008627
00008626
00008625
00008624
00008623
00008622
00008621
00008620
00008619
00008618
00008617
00008616
00008615
00008614
00008613
00008612
00008611
00008610
00008609
00008608
00008607
00008606
00008605
00008604
00008603
00008602
00008601
00008600
00008599
00008598
00008597
00008596
00008595
00008594
00008593
00008592
00008591
00008590
00008589
00008588
00008587
00008586
00008585
00008584
00008583
00008582
00008581
00008580
00008579
00008578
00008577
00008576
00008575
00008574
00008573
00008572
00008571
00008570
00008569
00008568
00008567
00008566
00008565
00008564
00008563
00008562
00008561
00008560
00008559
00008558
00008557
00008556
00008555
00008554
00008553
00008552
00008551
00008550
00008549
00008548
00008547
00008546
00008545
00008544
00008543
00008542
00008541
00008540
00008539
00008538
00008537
00008536
00008535
00008534
00008533
00008532
00008531
00008530
00008529
00008528
00008527
00008526
00008525
00008524
00008523
00008522
00008521
00008520
00008519
00008518
00008517
00008516
00008515
00008514
00008513
00008512
00008511
00008510
00008509
00008508
00008507
00008506
00008505
00008504
00008503
00008502
00008501
00008500
00008499
00008498
00008497
00008496
00008495
00008494
00008493
00008492
00008491
00008490
00008489
00008488
00008487
00008486
00008485
00008484
00008483
00008482
00008481
00008480
00008479
00008478
00008477
00008476
00008475
00008474
00008473
00008472
00008471
00008470
00008469
00008468
00008467
00008466
00008465
00008464
00008463
00008462
00008461
00008460
00008459
00008458
00008457
00008456
00008455
00008454
00008453
00008452
00008451
00008450
00008449
00008448
00008447
00008446
00008445
00008444
00008443
00008442
00008441
00008440
00008439
00008438
00008437
00008436
00008435
00008434
00008433
00008432
00008431
00008430
00008429
00008428
00008427
00008426
00008425
00008424
00008423
00008422
00008421
00008420
00008419
00008418
00008417
00008416
00008415
00008414
00008413
00008412
00008411
00008410
00008409
00008408
00008407
00008406
00008405
00008404
00008403
00008402
00008401
00008400
00008399
00008398
00008397
00008396
00008395
00008394
00008393
00008392
00008391
00008390
00008389
00008388
00008387
00008386
00008385
00008384
00008383
00008382
00008381
00008380
00008379
00008378
00008377
00008376
00008375
00008374
00008373
00008372
00008371
00008370
00008369
00008368
00008367
00008366
00008365
00008364
00008363
00008362
00008361
00008360
00008359
00008358
00008357
00008356
00008355
00008354
00008353
00008352
00008351
00008350
00008349
00008348
00008347
00008346
00008345
00008344
00008343
00008342
00008341
00008340
00008339
00008338
00008337
00008336
00008335
00008334
00008333
00008332
00008331
00008330
00008329
00008328
00008327
00008326
00008325
00008324
00008323
00008322
00008321
00008320
00008319
00008318
00008317
00008316
00008315
00008314
00008313
00008312
00008311
00008310
00008309
00008308
00008307
00008306
00008305
00008304
00008303
00008302
00008301
00008300
00008299
00008298
00008297
00008296
00008295
00008294
00008293
00008292
00008291
00008290
00008289
00008288
00008287
00008286
00008285
00008284
00008283
00008282
00008281
00008280
00008279
00008278
00008277
00008276
00008275
00008274
00008273
00008272
00008271
00008270
00008269
00008268
00008267
00008266
00008265
00008264
00008263
00008262
00008261
00008260
00008259
00008258
00008257
00008256
00008255
00008254
00008253
00008252
00008251
00008250
00008249
00008248
00008247
00008246
00008245
00008244
00008243
00008242
00008241
00008240
00008239
00008238
00008237
00008236
00008235
00008234
00008233
00008232
00008231
00008230
00008229
00008228
00008227
00008226
00008225
00008224
00008223
00008222
00008221
00008220
00008219
00008218
00008217
00008216
00008215
00008214
00008213
00008212
00008211
00008210
00008209
00008208
00008207
00008206
00008205
00008204
00008203
00008202
00008201
00008200
00008199
00008198
00008197
00008196
00008195
00008194
00008193
00008192
00008191
00008190
00008189
00008188
00008187
00008186
00008185
00008184
00008183
00008182
00008181
00008180
00008179
00008178
00008177
00008176
00008175
00008174
00008173
00008172
00008171
00008170
00008169
00008168
00008167
00008166
00008165
00008164
00008163
00008162
00008161
00008160
00008159
00008158
00008157
00008156
00008155
00008154
00008153
00008152
00008151
00008150
00008149
00008148
00008147
00008146
00008145
00008144
00008143
00008142
00008141
00008140
00008139
00008138
00008137
00008136
00008135
00008134
00008133
00008132
00008131
00008130
00008129
00008128
00008127
00008126
00008125
00008124
00008123
00008122
00008121
00008120
00008119
00008118
00008117
00008116
00008115
00008114
00008113
00008112
00008111
00008110
00008109
00008108
00008107
00008106
00008105
00008104
00008103
00008102
00008101
00008100
00008099
00008098
00008097
00008096
00008095
00008094
00008093
00008092
00008091
00008090
00008089
00008088
00008087
00008086
00008085
00008084
00008083
00008082
00008081
00008080
00008079
00008078
00008077
00008076
00008075
00008074
00008073
00008072
00008071
00008070
00008069
00008068
00008067
00008066
00008065
00008064
00008063
00008062
00008061
00008060
00008059
00008058
00008057
00008056
00008055
00008054
00008053
00008052
00008051
00008050
00008049
00008048
00008047
00008046
00008045
00008044
00008043
00008042
00008041
00008040
00008039
00008038
00008037
00008036
00008035
00008034
00008033
00008032
00008031
00008030
00008029
00008028
00008027
00008026
00008025
00008024
00008023
00008022
00008021
00008020
00008019
00008018
00008017
00008016
00008015
00008014
00008013
00008012
00008011
00008010
00008009
00008008
00008007
00008006
00008005
00008004
00008003
00008002
00008001
00008000
00007999
00007998
00007997
00007996
00007995
00007994
00007993
00007992
00007991
00007990
00007989
00007988
00007987
00007986
00007985
00007984
00007983
00007982
00007981
00007980
00007979
00007978
00007977
00007976
00007975
00007974
00007973
00007972
00007971
00007970
00007969
00007968
00007967
00007966
00007965
00007964
00007963
00007962
00007961
00007960
00007959
00007958
00007957
00007956
00007955
00007954
00007953
00007952
00007951
00007950
00007949
00007948
00007947
00007946
00007945
00007944
00007943
00007942
00007941
00007940
00007939
00007938
00007937
00007936
00007935
00007934
00007933
00007932
00007931
00007930
00007929
00007928
00007927
00007926
00007925
00007924
00007923
00007922
00007921
00007920
00007919
00007918
00007917
00007916
00007915
00007914
00007913
00007912
00007911
00007910
00007909
00007908
00007907
00007906
00007905
00007904
00007903
00007902
00007901
00007900
00007899
00007898
00007897
00007896
00007895
00007894
00007893
00007892
00007891
00007890
00007889
00007888
00007887
00007886
00007885
00007884
00007883
00007882
00007881
00007880
00007879
00007878
00007877
00007876
00007875
00007874
00007873
00007872
00007871
00007870
00007869
00007868
00007867
00007866
00007865
00007864
00007863
00007862
00007861
00007860
00007859
00007858
00007857
00007856
00007855
00007854
00007853
00007852
00007851
00007850
00007849
00007848
00007847
00007846
00007845
00007844
00007843
00007842
00007841
00007840
00007839
00007838
00007837
00007836
00007835
00007834
00007833
00007832
00007831
00007830
00007829
00007828
00007827
00007826
00007825
00007824
00007823
00007822
00007821
00007820
00007819
00007818
00007817
00007816
00007815
00007814
00007813
00007812
00007811
00007810
00007809
00007808
00007807
00007806
00007805
00007804
00007803
00007802
00007801
00007800
00007799
00007798
00007797
00007796
00007795
00007794
00007793
00007792
00007791
00007790
00007789
00007788
00007787
00007786
00007785
00007784
00007783
00007782
00007781
00007780
00007779
00007778
00007777
00007776
00007775
00007774
00007773
00007772
00007771
00007770
00007769
00007768
00007767
00007766
00007765
00007764
00007763
00007762
00007761
00007760
00007759
00007758
00007757
00007756
00007755
00007754
00007753
00007752
00007751
00007750
00007749
00007748
00007747
00007746
00007745
00007744
00007743
00007742
00007741
00007740
00007739
00007738
00007737
00007736
00007735
00007734
00007733
00007732
00007731
00007730
00007729
00007728
00007727
00007726
00007725
00007724
00007723
00007722
00007721
00007720
00007719
00007718
00007717
00007716
00007715
00007714
00007713
00007712
00007711
00007710
00007709
00007708
00007707
00007706
00007705
00007704
00007703
00007702
00007701
00007700
00007699
00007698
00007697
00007696
00007695
00007694
00007693
00007692
00007691
00007690
00007689
00007688
00007687
00007686
00007685
00007684
00007683
00007682
00007681
00007680
00007679
00007678
00007677
00007676
00007675
00007674
00007673
00007672
00007671
00007670
00007669
00007668
00007667
00007666
00007665
00007664
00007663
00007662
00007661
00007660
00007659
00007658
00007657
00007656
00007655
00007654
00007653
00007652
00007651
00007650
00007649
00007648
00007647
00007646
00007645
00007644
00007643
00007642
00007641
00007640
00007639
00007638
00007637
00007636
00007635
00007634
00007633
00007632
00007631
00007630
00007629
00007628
00007627
00007626
00007625
00007624
00007623
00007622
00007621
00007620
00007619
00007618
00007617
00007616
00007615
00007614
00007613
00007612
00007611
00007610
00007609
00007608
00007607
00007606
00007605
00007604
00007603
00007602
00007601
00007600
00007599
00007598
00007597
00007596
00007595
00007594
00007593
00007592
00007591
00007590
00007589
00007588
00007587
00007586
00007585
00007584
00007583
00007582
00007581
00007580
00007579
00007578
00007577
00007576
00007575
00007574
00007573
00007572
00007571
00007570
00007569
00007568
00007567
00007566
00007565
00007564
00007563
00007562
00007561
00007560
00007559
00007558
00007557
00007556
00007555
00007554
00007553
00007552
00007551
00007550
00007549
00007548
00007547
00007546
00007545
00007544
00007543
00007542
00007541
00007540
00007539
00007538
00007537
00007536
00007535
00007534
00007533
00007532
00007531
00007530
00007529
00007528
00007527
00007526
00007525
00007524
00007523
00007522
00007521
00007520
00007519
00007518
00007517
00007516
00007515
00007514
00007513
00007512
00007511
00007510
00007509
00007508
00007507
00007506
00007505
00007504
00007503
00007502
00007501
00007500
00007499
00007498
00007497
00007496
00007495
00007494
00007493
00007492
00007491
00007490
00007489
00007488
00007487
00007486
00007485
00007484
00007483
00007482
00007481
00007480
00007479
00007478
00007477
00007476
00007475
00007474
00007473
00007472
00007471
00007470
00007469
00007468
00007467
00007466
00007465
00007464
00007463
00007462
00007461
00007460
00007459
00007458
00007457
00007456
00007455
00007454
00007453
00007452
00007451
00007450
00007449
00007448
00007447
00007446
00007445
00007444
00007443
00007442
00007441
00007440
00007439
00007438
00007437
00007436
00007435
00007434
00007433
00007432
00007431
00007430
00007429
00007428
00007427
00007426
00007425
00007424
00007423
00007422
00007421
00007420
00007419
00007418
00007417
00007416
00007415
00007414
00007413
00007412
00007411
00007410
00007409
00007408
00007407
00007406
00007405
00007404
00007403
00007402
00007401
00007400
00007399
00007398
00007397
00007396
00007395
00007394
00007393
00007392
00007391
00007390
00007389
00007388
00007387
00007386
00007385
00007384
00007383
00007382
00007381
00007380
00007379
00007378
00007377
00007376
00007375
00007374
00007373
00007372
00007371
00007370
00007369
00007368
00007367
00007366
00007365
00007364
00007363
00007362
00007361
00007360
00007359
00007358
00007357
00007356
00007355
00007354
00007353
00007352
00007351
00007350
00007349
00007348
00007347
00007346
00007345
00007344
00007343
00007342
00007341
00007340
00007339
00007338
00007337
00007336
00007335
00007334
00007333
00007332
00007331
00007330
00007329
00007328
00007327
00007326
00007325
00007324
00007323
00007322
00007321
00007320
00007319
00007318
00007317
00007316
00007315
00007314
00007313
00007312
00007311
00007310
00007309
00007308
00007307
00007306
00007305
00007304
00007303
00007302
00007301
00007300
00007299
00007298
00007297
00007296
00007295
00007294
00007293
00007292
00007291
00007290
00007289
00007288
00007287
00007286
00007285
00007284
00007283
00007282
00007281
00007280
00007279
00007278
00007277
00007276
00007275
00007274
00007273
00007272
00007271
00007270
00007269
00007268
00007267
00007266
00007265
00007264
00007263
00007262
00007261
00007260
00007259
00007258
00007257
00007256
00007255
00007254
00007253
00007252
00007251
00007250
00007249
00007248
00007247
00007246
00007245
00007244
00007243
00007242
00007241
00007240
00007239
00007238
00007237
00007236
00007235
00007234
00007233
00007232
00007231
00007230
00007229
00007228
00007227
00007226
00007225
00007224
00007223
00007222
00007221
00007220
00007219
00007218
00007217
00007216
00007215
00007214
00007213
00007212
00007211
00007210
00007209
00007208
00007207
00007206
00007205
00007204
00007203
00007202
00007201
00007200
00007199
00007198
00007197
00007196
00007195
00007194
00007193
00007192
00007191
00007190
00007189
00007188
00007187
00007186
00007185
00007184
00007183
00007182
00007181
00007180
00007179
00007178
00007177
00007176
00007175
00007174
00007173
00007172
00007171
00007170
00007169
00007168
00007167
00007166
00007165
00007164
00007163
00007162
00007161
00007160
00007159
00007158
00007157
00007156
00007155
00007154
00007153
00007152
00007151
00007150
00007149
00007148
00007147
00007146
00007145
00007144
00007143
00007142
00007141
00007140
00007139
00007138
00007137
00007136
00007135
00007134
00007133
00007132
00007131
00007130
00007129
00007128
00007127
00007126
00007125
00007124
00007123
00007122
00007121
00007120
00007119
00007118
00007117
00007116
00007115
00007114
00007113
00007112
00007111
00007110
00007109
00007108
00007107
00007106
00007105
00007104
00007103
00007102
00007101
00007100
00007099
00007098
00007097
00007096
00007095
00007094
00007093
00007092
00007091
00007090
00007089
00007088
00007087
00007086
00007085
00007084
00007083
00007082
00007081
00007080
00007079
00007078
00007077
00007076
00007075
00007074
00007073
00007072
00007071
00007070
00007069
00007068
00007067
00007066
00007065
00007064
00007063
00007062
00007061
00007060
00007059
00007058
00007057
00007056
00007055
00007054
00007053
00007052
00007051
00007050
00007049
00007048
00007047
00007046
00007045
00007044
00007043
00007042
00007041
00007040
00007039
00007038
00007037
00007036
00007035
00007034
00007033
00007032
00007031
00007030
00007029
00007028
00007027
00007026
00007025
00007024
00007023
00007022
00007021
00007020
00007019
00007018
00007017
00007016
00007015
00007014
00007013
00007012
00007011
00007010
00007009
00007008
00007007
00007006
00007005
00007004
00007003
00007002
00007001
00007000
00006999
00006998
00006997
00006996
00006995
00006994
00006993
00006992
00006991
00006990
00006989
00006988
00006987
00006986
00006985
00006984
00006983
00006982
00006981
00006980
00006979
00006978
00006977
00006976
00006975
00006974
00006973
00006972
00006971
00006970
00006969
00006968
00006967
00006966
00006965
00006964
00006963
00006962
00006961
00006960
00006959
00006958
00006957
00006956
00006955
00006954
00006953
00006952
00006951
00006950
00006949
00006948
00006947
00006946
00006945
00006944
00006943
00006942
00006941
00006940
00006939
00006938
00006937
00006936
00006935
00006934
00006933
00006932
00006931
00006930
00006929
00006928
00006927
00006926
00006925
00006924
00006923
00006922
00006921
00006920
00006919
00006918
00006917
00006916
00006915
00006914
00006913
00006912
00006911
00006910
00006909
00006908
00006907
00006906
00006905
00006904
00006903
00006902
00006901
00006900
00006899
00006898
00006897
00006896
00006895
00006894
00006893
00006892
00006891
00006890
00006889
00006888
00006887
00006886
00006885
00006884
00006883
00006882
00006881
00006880
00006879
00006878
00006877
00006876
00006875
00006874
00006873
00006872
00006871
00006870
00006869
00006868
00006867
00006866
00006865
00006864
00006863
00006862
00006861
00006860
00006859
00006858
00006857
00006856
00006855
00006854
00006853
00006852
00006851
00006850
00006849
00006848
00006847
00006846
00006845
00006844
00006843
00006842
00006841
00006840
00006839
00006838
00006837
00006836
00006835
00006834
00006833
00006832
00006831
00006830
00006829
00006828
00006827
00006826
00006825
00006824
00006823
00006822
00006821
00006820
00006819
00006818
00006817
00006816
00006815
00006814
00006813
00006812
00006811
00006810
00006809
00006808
00006807
00006806
00006805
00006804
00006803
00006802
00006801
00006800
00006799
00006798
00006797
00006796
00006795
00006794
00006793
00006792
00006791
00006790
00006789
00006788
00006787
00006786
00006785
00006784
00006783
00006782
00006781
00006780
00006779
00006778
00006777
00006776
00006775
00006774
00006773
00006772
00006771
00006770
00006769
00006768
00006767
00006766
00006765
00006764
00006763
00006762
00006761
00006760
00006759
00006758
00006757
00006756
00006755
00006754
00006753
00006752
00006751
00006750
00006749
00006748
00006747
00006746
00006745
00006744
00006743
00006742
00006741
00006740
00006739
00006738
00006737
00006736
00006735
00006734
00006733
00006732
00006731
00006730
00006729
00006728
00006727
00006726
00006725
00006724
00006723
00006722
00006721
00006720
00006719
00006718
00006717
00006716
00006715
00006714
00006713
00006712
00006711
00006710
00006709
00006708
00006707
00006706
00006705
00006704
00006703
00006702
00006701
00006700
00006699
00006698
00006697
00006696
00006695
00006694
00006693
00006692
00006691
00006690
00006689
00006688
00006687
00006686
00006685
00006684
00006683
00006682
00006681
00006680
00006679
00006678
00006677
00006676
00006675
00006674
00006673
00006672
00006671
00006670
00006669
00006668
00006667
00006666
00006665
00006664
00006663
00006662
00006661
00006660
00006659
00006658
00006657
00006656
00006655
00006654
00006653
00006652
00006651
00006650
00006649
00006648
00006647
00006646
00006645
00006644
00006643
00006642
00006641
00006640
00006639
00006638
00006637
00006636
00006635
00006634
00006633
00006632
00006631
00006630
00006629
00006628
00006627
00006626
00006625
00006624
00006623
00006622
00006621
00006620
00006619
00006618
00006617
00006616
00006615
00006614
00006613
00006612
00006611
00006610
00006609
00006608
00006607
00006606
00006605
00006604
00006603
00006602
00006601
00006600
00006599
00006598
00006597
00006596
00006595
00006594
00006593
00006592
00006591
00006590
00006589
00006588
00006587
00006586
00006585
00006584
00006583
00006582
00006581
00006580
00006579
00006578
00006577
00006576
00006575
00006574
00006573
00006572
00006571
00006570
00006569
00006568
00006567
00006566
00006565
00006564
00006563
00006562
00006561
00006560
00006559
00006558
00006557
00006556
00006555
00006554
00006553
00006552
00006551
00006550
00006549
00006548
00006547
00006546
00006545
00006544
00006543
00006542
00006541
00006540
00006539
00006538
00006537
00006536
00006535
00006534
00006533
00006532
00006531
00006530
00006529
00006528
00006527
00006526
00006525
00006524
00006523
00006522
00006521
00006520
00006519
00006518
00006517
00006516
00006515
00006514
00006513
00006512
00006511
00006510
00006509
00006508
00006507
00006506
00006505
00006504
00006503
00006502
00006501
00006500
00006499
00006498
00006497
00006496
00006495
00006494
00006493
00006492
00006491
00006490
00006489
00006488
00006487
00006486
00006485
00006484
00006483
00006482
00006481
00006480
00006479
00006478
00006477
00006476
00006475
00006474
00006473
00006472
00006471
00006470
00006469
00006468
00006467
00006466
00006465
00006464
00006463
00006462
00006461
00006460
00006459
00006458
00006457
00006456
00006455
00006454
00006453
00006452
00006451
00006450
00006449
00006448
00006447
00006446
00006445
00006444
00006443
00006442
00006441
00006440
00006439
00006438
00006437
00006436
00006435
00006434
00006433
00006432
00006431
00006430
00006429
00006428
00006427
00006426
00006425
00006424
00006423
00006422
00006421
00006420
00006419
00006418
00006417
00006416
00006415
00006414
00006413
00006412
00006411
00006410
00006409
00006408
00006407
00006406
00006405
00006404
00006403
00006402
00006401
00006400
00006399
00006398
00006397
00006396
00006395
00006394
00006393
00006392
00006391
00006390
00006389
00006388
00006387
00006386
00006385
00006384
00006383
00006382
00006381
00006380
00006379
00006378
00006377
00006376
00006375
00006374
00006373
00006372
00006371
00006370
00006369
00006368
00006367
00006366
00006365
00006364
00006363
00006362
00006361
00006360
00006359
00006358
00006357
00006356
00006355
00006354
00006353
00006352
00006351
00006350
00006349
00006348
00006347
00006346
00006345
00006344
00006343
00006342
00006341
00006340
00006339
00006338
00006337
00006336
00006335
00006334
00006333
00006332
00006331
00006330
00006329
00006328
00006327
00006326
00006325
00006324
00006323
00006322
00006321
00006320
00006319
00006318
00006317
00006316
00006315
00006314
00006313
00006312
00006311
00006310
00006309
00006308
00006307
00006306
00006305
00006304
00006303
00006302
00006301
00006300
00006299
00006298
00006297
00006296
00006295
00006294
00006293
00006292
00006291
00006290
00006289
00006288
00006287
00006286
00006285
00006284
00006283
00006282
00006281
00006280
00006279
00006278
00006277
00006276
00006275
00006274
00006273
00006272
00006271
00006270
00006269
00006268
00006267
00006266
00006265
00006264
00006263
00006262
00006261
00006260
00006259
00006258
00006257
00006256
00006255
00006254
00006253
00006252
00006251
00006250
00006249
00006248
00006247
00006246
00006245
00006244
00006243
00006242
00006241
00006240
00006239
00006238
00006237
00006236
00006235
00006234
00006233
00006232
00006231
00006230
00006229
00006228
00006227
00006226
00006225
00006224
00006223
00006222
00006221
00006220
00006219
00006218
00006217
00006216
00006215
00006214
00006213
00006212
00006211
00006210
00006209
00006208
00006207
00006206
00006205
00006204
00006203
00006202
00006201
00006200
00006199
00006198
00006197
00006196
00006195
00006194
00006193
00006192
00006191
00006190
00006189
00006188
00006187
00006186
00006185
00006184
00006183
00006182
00006181
00006180
00006179
00006178
00006177
00006176
00006175
00006174
00006173
00006172
00006171
00006170
00006169
00006168
00006167
00006166
00006165
00006164
00006163
00006162
00006161
00006160
00006159
00006158
00006157
00006156
00006155
00006154
00006153
00006152
00006151
00006150
00006149
00006148
00006147
00006146
00006145
00006144
00006143
00006142
00006141
00006140
00006139
00006138
00006137
00006136
00006135
00006134
00006133
00006132
00006131
00006130
00006129
00006128
00006127
00006126
00006125
00006124
00006123
00006122
00006121
00006120
00006119
00006118
00006117
00006116
00006115
00006114
00006113
00006112
00006111
00006110
00006109
00006108
00006107
00006106
00006105
00006104
00006103
00006102
00006101
00006100
00006099
00006098
00006097
00006096
00006095
00006094
00006093
00006092
00006091
00006090
00006089
00006088
00006087
00006086
00006085
00006084
00006083
00006082
00006081
00006080
00006079
00006078
00006077
00006076
00006075
00006074
00006073
00006072
00006071
00006070
00006069
00006068
00006067
00006066
00006065
00006064
00006063
00006062
00006061
00006060
00006059
00006058
00006057
00006056
00006055
00006054
00006053
00006052
00006051
00006050
00006049
00006048
00006047
00006046
00006045
00006044
00006043
00006042
00006041
00006040
00006039
00006038
00006037
00006036
00006035
00006034
00006033
00006032
00006031
00006030
00006029
00006028
00006027
00006026
00006025
00006024
00006023
00006022
00006021
00006020
00006019
00006018
00006017
00006016
00006015
00006014
00006013
00006012
00006011
00006010
00006009
00006008
00006007
00006006
00006005
00006004
00006003
00006002
00006001
00006000
00005999
00005998
00005997
00005996
00005995
00005994
00005993
00005992
00005991
00005990
00005989
00005988
00005987
00005986
00005985
00005984
00005983
00005982
00005981
00005980
00005979
00005978
00005977
00005976
00005975
00005974
00005973
00005972
00005971
00005970
00005969
00005968
00005967
00005966
00005965
00005964
00005963
00005962
00005961
00005960
00005959
00005958
00005957
00005956
00005955
00005954
00005953
00005952
00005951
00005950
00005949
00005948
00005947
00005946
00005945
00005944
00005943
00005942
00005941
00005940
00005939
00005938
00005937
00005936
00005935
00005934
00005933
00005932
00005931
00005930
00005929
00005928
00005927
00005926
00005925
00005924
00005923
00005922
00005921
00005920
00005919
00005918
00005917
00005916
00005915
00005914
00005913
00005912
00005911
00005910
00005909
00005908
00005907
00005906
00005905
00005904
00005903
00005902
00005901
00005900
00005899
00005898
00005897
00005896
00005895
00005894
00005893
00005892
00005891
00005890
00005889
00005888
00005887
00005886
00005885
00005884
00005883
00005882
00005881
00005880
00005879
00005878
00005877
00005876
00005875
00005874
00005873
00005872
00005871
00005870
00005869
00005868
00005867
00005866
00005865
00005864
00005863
00005862
00005861
00005860
00005859
00005858
00005857
00005856
00005855
00005854
00005853
00005852
00005851
00005850
00005849
00005848
00005847
00005846
00005845
00005844
00005843
00005842
00005841
00005840
00005839
00005838
00005837
00005836
00005835
00005834
00005833
00005832
00005831
00005830
00005829
00005828
00005827
00005826
00005825
00005824
00005823
00005822
00005821
00005820
00005819
00005818
00005817
00005816
00005815
00005814
00005813
00005812
00005811
00005810
00005809
00005808
00005807
00005806
00005805
00005804
00005803
00005802
00005801
00005800
00005799
00005798
00005797
00005796
00005795
00005794
00005793
00005792
00005791
00005790
00005789
00005788
00005787
00005786
00005785
00005784
00005783
00005782
00005781
00005780
00005779
00005778
00005777
00005776
00005775
00005774
00005773
00005772
00005771
00005770
00005769
00005768
00005767
00005766
00005765
00005764
00005763
00005762
00005761
00005760
00005759
00005758
00005757
00005756
00005755
00005754
00005753
00005752
00005751
00005750
00005749
00005748
00005747
00005746
00005745
00005744
00005743
00005742
00005741
00005740
00005739
00005738
00005737
00005736
00005735
00005734
00005733
00005732
00005731
00005730
00005729
00005728
00005727
00005726
00005725
00005724
00005723
00005722
00005721
00005720
00005719
00005718
00005717
00005716
00005715
00005714
00005713
00005712
00005711
00005710
00005709
00005708
00005707
00005706
00005705
00005704
00005703
00005702
00005701
00005700
00005699
00005698
00005697
00005696
00005695
00005694
00005693
00005692
00005691
00005690
00005689
00005688
00005687
00005686
00005685
00005684
00005683
00005682
00005681
00005680
00005679
00005678
00005677
00005676
00005675
00005674
00005673
00005672
00005671
00005670
00005669
00005668
00005667
00005666
00005665
00005664
00005663
00005662
00005661
00005660
00005659
00005658
00005657
00005656
00005655
00005654
00005653
00005652
00005651
00005650
00005649
00005648
00005647
00005646
00005645
00005644
00005643
00005642
00005641
00005640
00005639
00005638
00005637
00005636
00005635
00005634
00005633
00005632
00005631
00005630
00005629
00005628
00005627
00005626
00005625
00005624
00005623
00005622
00005621
00005620
00005619
00005618
00005617
00005616
00005615
00005614
00005613
00005612
00005611
00005610
00005609
00005608
00005607
00005606
00005605
00005604
00005603
00005602
00005601
00005600
00005599
00005598
00005597
00005596
00005595
00005594
00005593
00005592
00005591
00005590
00005589
00005588
00005587
00005586
00005585
00005584
00005583
00005582
00005581
00005580
00005579
00005578
00005577
00005576
00005575
00005574
00005573
00005572
00005571
00005570
00005569
00005568
00005567
00005566
00005565
00005564
00005563
00005562
00005561
00005560
00005559
00005558
00005557
00005556
00005555
00005554
00005553
00005552
00005551
00005550
00005549
00005548
00005547
00005546
00005545
00005544
00005543
00005542
00005541
00005540
00005539
00005538
00005537
00005536
00005535
00005534
00005533
00005532
00005531
00005530
00005529
00005528
00005527
00005526
00005525
00005524
00005523
00005522
00005521
00005520
00005519
00005518
00005517
00005516
00005515
00005514
00005513
00005512
00005511
00005510
00005509
00005508
00005507
00005506
00005505
00005504
00005503
00005502
00005501
00005500
00005499
00005498
00005497
00005496
00005495
00005494
00005493
00005492
00005491
00005490
00005489
00005488
00005487
00005486
00005485
00005484
00005483
00005482
00005481
00005480
00005479
00005478
00005477
00005476
00005475
00005474
00005473
00005472
00005471
00005470
00005469
00005468
00005467
00005466
00005465
00005464
00005463
00005462
00005461
00005460
00005459
00005458
00005457
00005456
00005455
00005454
00005453
00005452
00005451
00005450
00005449
00005448
00005447
00005446
00005445
00005444
00005443
00005442
00005441
00005440
00005439
00005438
00005437
00005436
00005435
00005434
00005433
00005432
00005431
00005430
00005429
00005428
00005427
00005426
00005425
00005424
00005423
00005422
00005421
00005420
00005419
00005418
00005417
00005416
00005415
00005414
00005413
00005412
00005411
00005410
00005409
00005408
00005407
00005406
00005405
00005404
00005403
00005402
00005401
00005400
00005399
00005398
00005397
00005396
00005395
00005394
00005393
00005392
00005391
00005390
00005389
00005388
00005387
00005386
00005385
00005384
00005383
00005382
00005381
00005380
00005379
00005378
00005377
00005376
00005375
00005374
00005373
00005372
00005371
00005370
00005369
00005368
00005367
00005366
00005365
00005364
00005363
00005362
00005361
00005360
00005359
00005358
00005357
00005356
00005355
00005354
00005353
00005352
00005351
00005350
00005349
00005348
00005347
00005346
00005345
00005344
00005343
00005342
00005341
00005340
00005339
00005338
00005337
00005336
00005335
00005334
00005333
00005332
00005331
00005330
00005329
00005328
00005327
00005326
00005325
00005324
00005323
00005322
00005321
00005320
00005319
00005318
00005317
00005316
00005315
00005314
00005313
00005312
00005311
00005310
00005309
00005308
00005307
00005306
00005305
00005304
00005303
00005302
00005301
00005300
00005299
00005298
00005297
00005296
00005295
00005294
00005293
00005292
00005291
00005290
00005289
00005288
00005287
00005286
00005285
00005284
00005283
00005282
00005281
00005280
00005279
00005278
00005277
00005276
00005275
00005274
00005273
00005272
00005271
00005270
00005269
00005268
00005267
00005266
00005265
00005264
00005263
00005262
00005261
00005260
00005259
00005258
00005257
00005256
00005255
00005254
00005253
00005252
00005251
00005250
00005249
00005248
00005247
00005246
00005245
00005244
00005243
00005242
00005241
00005240
00005239
00005238
00005237
00005236
00005235
00005234
00005233
00005232
00005231
00005230
00005229
00005228
00005227
00005226
00005225
00005224
00005223
00005222
00005221
00005220
00005219
00005218
00005217
00005216
00005215
00005214
00005213
00005212
00005211
00005210
00005209
00005208
00005207
00005206
00005205
00005204
00005203
00005202
00005201
00005200
00005199
00005198
00005197
00005196
00005195
00005194
00005193
00005192
00005191
00005190
00005189
00005188
00005187
00005186
00005185
00005184
00005183
00005182
00005181
00005180
00005179
00005178
00005177
00005176
00005175
00005174
00005173
00005172
00005171
00005170
00005169
00005168
00005167
00005166
00005165
00005164
00005163
00005162
00005161
00005160
00005159
00005158
00005157
00005156
00005155
00005154
00005153
00005152
00005151
00005150
00005149
00005148
00005147
00005146
00005145
00005144
00005143
00005142
00005141
00005140
00005139
00005138
00005137
00005136
00005135
00005134
00005133
00005132
00005131
00005130
00005129
00005128
00005127
00005126
00005125
00005124
00005123
00005122
00005121
00005120
00005119
00005118
00005117
00005116
00005115
00005114
00005113
00005112
00005111
00005110
00005109
00005108
00005107
00005106
00005105
00005104
00005103
00005102
00005101
00005100
00005099
00005098
00005097
00005096
00005095
00005094
00005093
00005092
00005091
00005090
00005089
00005088
00005087
00005086
00005085
00005084
00005083
00005082
00005081
00005080
00005079
00005078
00005077
00005076
00005075
00005074
00005073
00005072
00005071
00005070
00005069
00005068
00005067
00005066
00005065
00005064
00005063
00005062
00005061
00005060
00005059
00005058
00005057
00005056
00005055
00005054
00005053
00005052
00005051
00005050
00005049
00005048
00005047
00005046
00005045
00005044
00005043
00005042
00005041
00005040
00005039
00005038
00005037
00005036
00005035
00005034
00005033
00005032
00005031
00005030
00005029
00005028
00005027
00005026
00005025
00005024
00005023
00005022
00005021
00005020
00005019
00005018
00005017
00005016
00005015
00005014
00005013
00005012
00005011
00005010
00005009
00005008
00005007
00005006
00005005
00005004
00005003
00005002
00005001
00005000
00004999
00004998
00004997
00004996
00004995
00004994
00004993
00004992
00004991
00004990
00004989
00004988
00004987
00004986
00004985
00004984
00004983
00004982
00004981
00004980
00004979
00004978
00004977
00004976
00004975
00004974
00004973
00004972
00004971
00004970
00004969
00004968
00004967
00004966
00004965
00004964
00004963
00004962
00004961
00004960
00004959
00004958
00004957
00004956
00004955
00004954
00004953
00004952
00004951
00004950
00004949
00004948
00004947
00004946
00004945
00004944
00004943
00004942
00004941
00004940
00004939
00004938
00004937
00004936
00004935
00004934
00004933
00004932
00004931
00004930
00004929
00004928
00004927
00004926
00004925
00004924
00004923
00004922
00004921
00004920
00004919
00004918
00004917
00004916
00004915
00004914
00004913
00004912
00004911
00004910
00004909
00004908
00004907
00004906
00004905
00004904
00004903
00004902
00004901
00004900
00004899
00004898
00004897
00004896
00004895
00004894
00004893
00004892
00004891
00004890
00004889
00004888
00004887
00004886
00004885
00004884
00004883
00004882
00004881
00004880
00004879
00004878
00004877
00004876
00004875
00004874
00004873
00004872
00004871
00004870
00004869
00004868
00004867
00004866
00004865
00004864
00004863
00004862
00004861
00004860
00004859
00004858
00004857
00004856
00004855
00004854
00004853
00004852
00004851
00004850
00004849
00004848
00004847
00004846
00004845
00004844
00004843
00004842
00004841
00004840
00004839
00004838
00004837
00004836
00004835
00004834
00004833
00004832
00004831
00004830
00004829
00004828
00004827
00004826
00004825
00004824
00004823
00004822
00004821
00004820
00004819
00004818
00004817
00004816
00004815
00004814
00004813
00004812
00004811
00004810
00004809
00004808
00004807
00004806
00004805
00004804
00004803
00004802
00004801
00004800
00004799
00004798
00004797
00004796
00004795
00004794
00004793
00004792
00004791
00004790
00004789
00004788
00004787
00004786
00004785
00004784
00004783
00004782
00004781
00004780
00004779
00004778
00004777
00004776
00004775
00004774
00004773
00004772
00004771
00004770
00004769
00004768
00004767
00004766
00004765
00004764
00004763
00004762
00004761
00004760
00004759
00004758
00004757
00004756
00004755
00004754
00004753
00004752
00004751
00004750
00004749
00004748
00004747
00004746
00004745
00004744
00004743
00004742
00004741
00004740
00004739
00004738
00004737
00004736
00004735
00004734
00004733
00004732
00004731
00004730
00004729
00004728
00004727
00004726
00004725
00004724
00004723
00004722
00004721
00004720
00004719
00004718
00004717
00004716
00004715
00004714
00004713
00004712
00004711
00004710
00004709
00004708
00004707
00004706
00004705
00004704
00004703
00004702
00004701
00004700
00004699
00004698
00004697
00004696
00004695
00004694
00004693
00004692
00004691
00004690
00004689
00004688
00004687
00004686
00004685
00004684
00004683
00004682
00004681
00004680
00004679
00004678
00004677
00004676
00004675
00004674
00004673
00004672
00004671
00004670
00004669
00004668
00004667
00004666
00004665
00004664
00004663
00004662
00004661
00004660
00004659
00004658
00004657
00004656
00004655
00004654
00004653
00004652
00004651
00004650
00004649
00004648
00004647
00004646
00004645
00004644
00004643
00004642
00004641
00004640
00004639
00004638
00004637
00004636
00004635
00004634
00004633
00004632
00004631
00004630
00004629
00004628
00004627
00004626
00004625
00004624
00004623
00004622
00004621
00004620
00004619
00004618
00004617
00004616
00004615
00004614
00004613
00004612
00004611
00004610
00004609
00004608
00004607
00004606
00004605
00004604
00004603
00004602
00004601
00004600
00004599
00004598
00004597
00004596
00004595
00004594
00004593
00004592
00004591
00004590
00004589
00004588
00004587
00004586
00004585
00004584
00004583
00004582
00004581
00004580
00004579
00004578
00004577
00004576
00004575
00004574
00004573
00004572
00004571
00004570
00004569
00004568
00004567
00004566
00004565
00004564
00004563
00004562
00004561
00004560
00004559
00004558
00004557
00004556
00004555
00004554
00004553
00004552
00004551
00004550
00004549
00004548
00004547
00004546
00004545
00004544
00004543
00004542
00004541
00004540
00004539
00004538
00004537
00004536
00004535
00004534
00004533
00004532
00004531
00004530
00004529
00004528
00004527
00004526
00004525
00004524
00004523
00004522
00004521
00004520
00004519
00004518
00004517
00004516
00004515
00004514
00004513
00004512
00004511
00004510
00004509
00004508
00004507
00004506
00004505
00004504
00004503
00004502
00004501
00004500
00004499
00004498
00004497
00004496
00004495
00004494
00004493
00004492
00004491
00004490
00004489
00004488
00004487
00004486
00004485
00004484
00004483
00004482
00004481
00004480
00004479
00004478
00004477
00004476
00004475
00004474
00004473
00004472
00004471
00004470
00004469
00004468
00004467
00004466
00004465
00004464
00004463
00004462
00004461
00004460
00004459
00004458
00004457
00004456
00004455
00004454
00004453
00004452
00004451
00004450
00004449
00004448
00004447
00004446
00004445
00004444
00004443
00004442
00004441
00004440
00004439
00004438
00004437
00004436
00004435
00004434
00004433
00004432
00004431
00004430
00004429
00004428
00004427
00004426
00004425
00004424
00004423
00004422
00004421
00004420
00004419
00004418
00004417
00004416
00004415
00004414
00004413
00004412
00004411
00004410
00004409
00004408
00004407
00004406
00004405
00004404
00004403
00004402
00004401
00004400
00004399
00004398
00004397
00004396
00004395
00004394
00004393
00004392
00004391
00004390
00004389
00004388
00004387
00004386
00004385
00004384
00004383
00004382
00004381
00004380
00004379
00004378
00004377
00004376
00004375
00004374
00004373
00004372
00004371
00004370
00004369
00004368
00004367
00004366
00004365
00004364
00004363
00004362
00004361
00004360
00004359
00004358
00004357
00004356
00004355
00004354
00004353
00004352
00004351
00004350
00004349
00004348
00004347
00004346
00004345
00004344
00004343
00004342
00004341
00004340
00004339
00004338
00004337
00004336
00004335
00004334
00004333
00004332
00004331
00004330
00004329
00004328
00004327
00004326
00004325
00004324
00004323
00004322
00004321
00004320
00004319
00004318
00004317
00004316
00004315
00004314
00004313
00004312
00004311
00004310
00004309
00004308
00004307
00004306
00004305
00004304
00004303
00004302
00004301
00004300
00004299
00004298
00004297
00004296
00004295
00004294
00004293
00004292
00004291
00004290
00004289
00004288
00004287
00004286
00004285
00004284
00004283
00004282
00004281
00004280
00004279
00004278
00004277
00004276
00004275
00004274
00004273
00004272
00004271
00004270
00004269
00004268
00004267
00004266
00004265
00004264
00004263
00004262
00004261
00004260
00004259
00004258
00004257
00004256
00004255
00004254
00004253
00004252
00004251
00004250
00004249
00004248
00004247
00004246
00004245
00004244
00004243
00004242
00004241
00004240
00004239
00004238
00004237
00004236
00004235
00004234
00004233
00004232
00004231
00004230
00004229
00004228
00004227
00004226
00004225
00004224
00004223
00004222
00004221
00004220
00004219
00004218
00004217
00004216
00004215
00004214
00004213
00004212
00004211
00004210
00004209
00004208
00004207
00004206
00004205
00004204
00004203
00004202
00004201
00004200
00004199
00004198
00004197
00004196
00004195
00004194
00004193
00004192
00004191
00004190
00004189
00004188
00004187
00004186
00004185
00004184
00004183
00004182
00004181
00004180
00004179
00004178
00004177
00004176
00004175
00004174
00004173
00004172
00004171
00004170
00004169
00004168
00004167
00004166
00004165
00004164
00004163
00004162
00004161
00004160
00004159
00004158
00004157
00004156
00004155
00004154
00004153
00004152
00004151
00004150
00004149
00004148
00004147
00004146
00004145
00004144
00004143
00004142
00004141
00004140
00004139
00004138
00004137
00004136
00004135
00004134
00004133
00004132
00004131
00004130
00004129
00004128
00004127
00004126
00004125
00004124
00004123
00004122
00004121
00004120
00004119
00004118
00004117
00004116
00004115
00004114
00004113
00004112
00004111
00004110
00004109
00004108
00004107
00004106
00004105
00004104
00004103
00004102
00004101
00004100
00004099
00004098
00004097
00004096
00004095
00004094
00004093
00004092
00004091
00004090
00004089
00004088
00004087
00004086
00004085
00004084
00004083
00004082
00004081
00004080
00004079
00004078
00004077
00004076
00004075
00004074
00004073
00004072
00004071
00004070
00004069
00004068
00004067
00004066
00004065
00004064
00004063
00004062
00004061
00004060
00004059
00004058
00004057
00004056
00004055
00004054
00004053
00004052
00004051
00004050
00004049
00004048
00004047
00004046
00004045
00004044
00004043
00004042
00004041
00004040
00004039
00004038
00004037
00004036
00004035
00004034
00004033
00004032
00004031
00004030
00004029
00004028
00004027
00004026
00004025
00004024
00004023
00004022
00004021
00004020
00004019
00004018
00004017
00004016
00004015
00004014
00004013
00004012
00004011
00004010
00004009
00004008
00004007
00004006
00004005
00004004
00004003
00004002
00004001
00004000
00003999
00003998
00003997
00003996
00003995
00003994
00003993
00003992
00003991
00003990
00003989
00003988
00003987
00003986
00003985
00003984
00003983
00003982
00003981
00003980
00003979
00003978
00003977
00003976
00003975
00003974
00003973
00003972
00003971
00003970
00003969
00003968
00003967
00003966
00003965
00003964
00003963
00003962
00003961
00003960
00003959
00003958
00003957
00003956
00003955
00003954
00003953
00003952
00003951
00003950
00003949
00003948
00003947
00003946
00003945
00003944
00003943
00003942
00003941
00003940
00003939
00003938
00003937
00003936
00003935
00003934
00003933
00003932
00003931
00003930
00003929
00003928
00003927
00003926
00003925
00003924
00003923
00003922
00003921
00003920
00003919
00003918
00003917
00003916
00003915
00003914
00003913
00003912
00003911
00003910
00003909
00003908
00003907
00003906
00003905
00003904
00003903
00003902
00003901
00003900
00003899
00003898
00003897
00003896
00003895
00003894
00003893
00003892
00003891
00003890
00003889
00003888
00003887
00003886
00003885
00003884
00003883
00003882
00003881
00003880
00003879
00003878
00003877
00003876
00003875
00003874
00003873
00003872
00003871
00003870
00003869
00003868
00003867
00003866
00003865
00003864
00003863
00003862
00003861
00003860
00003859
00003858
00003857
00003856
00003855
00003854
00003853
00003852
00003851
00003850
00003849
00003848
00003847
00003846
00003845
00003844
00003843
00003842
00003841
00003840
00003839
00003838
00003837
00003836
00003835
00003834
00003833
00003832
00003831
00003830
00003829
00003828
00003827
00003826
00003825
00003824
00003823
00003822
00003821
00003820
00003819
00003818
00003817
00003816
00003815
00003814
00003813
00003812
00003811
00003810
00003809
00003808
00003807
00003806
00003805
00003804
00003803
00003802
00003801
00003800
00003799
00003798
00003797
00003796
00003795
00003794
00003793
00003792
00003791
00003790
00003789
00003788
00003787
00003786
00003785
00003784
00003783
00003782
00003781
00003780
00003779
00003778
00003777
00003776
00003775
00003774
00003773
00003772
00003771
00003770
00003769
00003768
00003767
00003766
00003765
00003764
00003763
00003762
00003761
00003760
00003759
00003758
00003757
00003756
00003755
00003754
00003753
00003752
00003751
00003750
00003749
00003748
00003747
00003746
00003745
00003744
00003743
00003742
00003741
00003740
00003739
00003738
00003737
00003736
00003735
00003734
00003733
00003732
00003731
00003730
00003729
00003728
00003727
00003726
00003725
00003724
00003723
00003722
00003721
00003720
00003719
00003718
00003717
00003716
00003715
00003714
00003713
00003712
00003711
00003710
00003709
00003708
00003707
00003706
00003705
00003704
00003703
00003702
00003701
00003700
00003699
00003698
00003697
00003696
00003695
00003694
00003693
00003692
00003691
00003690
00003689
00003688
00003687
00003686
00003685
00003684
00003683
00003682
00003681
00003680
00003679
00003678
00003677
00003676
00003675
00003674
00003673
00003672
00003671
00003670
00003669
00003668
00003667
00003666
00003665
00003664
00003663
00003662
00003661
00003660
00003659
00003658
00003657
00003656
00003655
00003654
00003653
00003652
00003651
00003650
00003649
00003648
00003647
00003646
00003645
00003644
00003643
00003642
00003641
00003640
00003639
00003638
00003637
00003636
00003635
00003634
00003633
00003632
00003631
00003630
00003629
00003628
00003627
00003626
00003625
00003624
00003623
00003622
00003621
00003620
00003619
00003618
00003617
00003616
00003615
00003614
00003613
00003612
00003611
00003610
00003609
00003608
00003607
00003606
00003605
00003604
00003603
00003602
00003601
00003600
00003599
00003598
00003597
00003596
00003595
00003594
00003593
00003592
00003591
00003590
00003589
00003588
00003587
00003586
00003585
00003584
00003583
00003582
00003581
00003580
00003579
00003578
00003577
00003576
00003575
00003574
00003573
00003572
00003571
00003570
00003569
00003568
00003567
00003566
00003565
00003564
00003563
00003562
00003561
00003560
00003559
00003558
00003557
00003556
00003555
00003554
00003553
00003552
00003551
00003550
00003549
00003548
00003547
00003546
00003545
00003544
00003543
00003542
00003541
00003540
00003539
00003538
00003537
00003536
00003535
00003534
00003533
00003532
00003531
00003530
00003529
00003528
00003527
00003526
00003525
00003524
00003523
00003522
00003521
00003520
00003519
00003518
00003517
00003516
00003515
00003514
00003513
00003512
00003511
00003510
00003509
00003508
00003507
00003506
00003505
00003504
00003503
00003502
00003501
00003500
00003499
00003498
00003497
00003496
00003495
00003494
00003493
00003492
00003491
00003490
00003489
00003488
00003487
00003486
00003485
00003484
00003483
00003482
00003481
00003480
00003479
00003478
00003477
00003476
00003475
00003474
00003473
00003472
00003471
00003470
00003469
00003468
00003467
00003466
00003465
00003464
00003463
00003462
00003461
00003460
00003459
00003458
00003457
00003456
00003455
00003454
00003453
00003452
00003451
00003450
00003449
00003448
00003447
00003446
00003445
00003444
00003443
00003442
00003441
00003440
00003439
00003438
00003437
00003436
00003435
00003434
00003433
00003432
00003431
00003430
00003429
00003428
00003427
00003426
00003425
00003424
00003423
00003422
00003421
00003420
00003419
00003418
00003417
00003416
00003415
00003414
00003413
00003412
00003411
00003410
00003409
00003408
00003407
00003406
00003405
00003404
00003403
00003402
00003401
00003400
00003399
00003398
00003397
00003396
00003395
00003394
00003393
00003392
00003391
00003390
00003389
00003388
00003387
00003386
00003385
00003384
00003383
00003382
00003381
00003380
00003379
00003378
00003377
00003376
00003375
00003374
00003373
00003372
00003371
00003370
00003369
00003368
00003367
00003366
00003365
00003364
00003363
00003362
00003361
00003360
00003359
00003358
00003357
00003356
00003355
00003354
00003353
00003352
00003351
00003350
00003349
00003348
00003347
00003346
00003345
00003344
00003343
00003342
00003341
00003340
00003339
00003338
00003337
00003336
00003335
00003334
00003333
00003332
00003331
00003330
00003329
00003328
00003327
00003326
00003325
00003324
00003323
00003322
00003321
00003320
00003319
00003318
00003317
00003316
00003315
00003314
00003313
00003312
00003311
00003310
00003309
00003308
00003307
00003306
00003305
00003304
00003303
00003302
00003301
00003300
00003299
00003298
00003297
00003296
00003295
00003294
00003293
00003292
00003291
00003290
00003289
00003288
00003287
00003286
00003285
00003284
00003283
00003282
00003281
00003280
00003279
00003278
00003277
00003276
00003275
00003274
00003273
00003272
00003271
00003270
00003269
00003268
00003267
00003266
00003265
00003264
00003263
00003262
00003261
00003260
00003259
00003258
00003257
00003256
00003255
00003254
00003253
00003252
00003251
00003250
00003249
00003248
00003247
00003246
00003245
00003244
00003243
00003242
00003241
00003240
00003239
00003238
00003237
00003236
00003235
00003234
00003233
00003232
00003231
00003230
00003229
00003228
00003227
00003226
00003225
00003224
00003223
00003222
00003221
00003220
00003219
00003218
00003217
00003216
00003215
00003214
00003213
00003212
00003211
00003210
00003209
00003208
00003207
00003206
00003205
00003204
00003203
00003202
00003201
00003200
00003199
00003198
00003197
00003196
00003195
00003194
00003193
00003192
00003191
00003190
00003189
00003188
00003187
00003186
00003185
00003184
00003183
00003182
00003181
00003180
00003179
00003178
00003177
00003176
00003175
00003174
00003173
00003172
00003171
00003170
00003169
00003168
00003167
00003166
00003165
00003164
00003163
00003162
00003161
00003160
00003159
00003158
00003157
00003156
00003155
00003154
00003153
00003152
00003151
00003150
00003149
00003148
00003147
00003146
00003145
00003144
00003143
00003142
00003141
00003140
00003139
00003138
00003137
00003136
00003135
00003134
00003133
00003132
00003131
00003130
00003129
00003128
00003127
00003126
00003125
00003124
00003123
00003122
00003121
00003120
00003119
00003118
00003117
00003116
00003115
00003114
00003113
00003112
00003111
00003110
00003109
00003108
00003107
00003106
00003105
00003104
00003103
00003102
00003101
00003100
00003099
00003098
00003097
00003096
00003095
00003094
00003093
00003092
00003091
00003090
00003089
00003088
00003087
00003086
00003085
00003084
00003083
00003082
00003081
00003080
00003079
00003078
00003077
00003076
00003075
00003074
00003073
00003072
00003071
00003070
00003069
00003068
00003067
00003066
00003065
00003064
00003063
00003062
00003061
00003060
00003059
00003058
00003057
00003056
00003055
00003054
00003053
00003052
00003051
00003050
00003049
00003048
00003047
00003046
00003045
00003044
00003043
00003042
00003041
00003040
00003039
00003038
00003037
00003036
00003035
00003034
00003033
00003032
00003031
00003030
00003029
00003028
00003027
00003026
00003025
00003024
00003023
00003022
00003021
00003020
00003019
00003018
00003017
00003016
00003015
00003014
00003013
00003012
00003011
00003010
00003009
00003008
00003007
00003006
00003005
00003004
00003003
00003002
00003001
00003000
00002999
00002998
00002997
00002996
00002995
00002994
00002993
00002992
00002991
00002990
00002989
00002988
00002987
00002986
00002985
00002984
00002983
00002982
00002981
00002980
00002979
00002978
00002977
00002976
00002975
00002974
00002973
00002972
00002971
00002970
00002969
00002968
00002967
00002966
00002965
00002964
00002963
00002962
00002961
00002960
00002959
00002958
00002957
00002956
00002955
00002954
00002953
00002952
00002951
00002950
00002949
00002948
00002947
00002946
00002945
00002944
00002943
00002942
00002941
00002940
00002939
00002938
00002937
00002936
00002935
00002934
00002933
00002932
00002931
00002930
00002929
00002928
00002927
00002926
00002925
00002924
00002923
00002922
00002921
00002920
00002919
00002918
00002917
00002916
00002915
00002914
00002913
00002912
00002911
00002910
00002909
00002908
00002907
00002906
00002905
00002904
00002903
00002902
00002901
00002900
00002899
00002898
00002897
00002896
00002895
00002894
00002893
00002892
00002891
00002890
00002889
00002888
00002887
00002886
00002885
00002884
00002883
00002882
00002881
00002880
00002879
00002878
00002877
00002876
00002875
00002874
00002873
00002872
00002871
00002870
00002869
00002868
00002867
00002866
00002865
00002864
00002863
00002862
00002861
00002860
00002859
00002858
00002857
00002856
00002855
00002854
00002853
00002852
00002851
00002850
00002849
00002848
00002847
00002846
00002845
00002844
00002843
00002842
00002841
00002840
00002839
00002838
00002837
00002836
00002835
00002834
00002833
00002832
00002831
00002830
00002829
00002828
00002827
00002826
00002825
00002824
00002823
00002822
00002821
00002820
00002819
00002818
00002817
00002816
00002815
00002814
00002813
00002812
00002811
00002810
00002809
00002808
00002807
00002806
00002805
00002804
00002803
00002802
00002801
00002800
00002799
00002798
00002797
00002796
00002795
00002794
00002793
00002792
00002791
00002790
00002789
00002788
00002787
00002786
00002785
00002784
00002783
00002782
00002781
00002780
00002779
00002778
00002777
00002776
00002775
00002774
00002773
00002772
00002771
00002770
00002769
00002768
00002767
00002766
00002765
00002764
00002763
00002762
00002761
00002760
00002759
00002758
00002757
00002756
00002755
00002754
00002753
00002752
00002751
00002750
00002749
00002748
00002747
00002746
00002745
00002744
00002743
00002742
00002741
00002740
00002739
00002738
00002737
00002736
00002735
00002734
00002733
00002732
00002731
00002730
00002729
00002728
00002727
00002726
00002725
00002724
00002723
00002722
00002721
00002720
00002719
00002718
00002717
00002716
00002715
00002714
00002713
00002712
00002711
00002710
00002709
00002708
00002707
00002706
00002705
00002704
00002703
00002702
00002701
00002700
00002699
00002698
00002697
00002696
00002695
00002694
00002693
00002692
00002691
00002690
00002689
00002688
00002687
00002686
00002685
00002684
00002683
00002682
00002681
00002680
00002679
00002678
00002677
00002676
00002675
00002674
00002673
00002672
00002671
00002670
00002669
00002668
00002667
00002666
00002665
00002664
00002663
00002662
00002661
00002660
00002659
00002658
00002657
00002656
00002655
00002654
00002653
00002652
00002651
00002650
00002649
00002648
00002647
00002646
00002645
00002644
00002643
00002642
00002641
00002640
00002639
00002638
00002637
00002636
00002635
00002634
00002633
00002632
00002631
00002630
00002629
00002628
00002627
00002626
00002625
00002624
00002623
00002622
00002621
00002620
00002619
00002618
00002617
00002616
00002615
00002614
00002613
00002612
00002611
00002610
00002609
00002608
00002607
00002606
00002605
00002604
00002603
00002602
00002601
00002600
00002599
00002598
00002597
00002596
00002595
00002594
00002593
00002592
00002591
00002590
00002589
00002588
00002587
00002586
00002585
00002584
00002583
00002582
00002581
00002580
00002579
00002578
00002577
00002576
00002575
00002574
00002573
00002572
00002571
00002570
00002569
00002568
00002567
00002566
00002565
00002564
00002563
00002562
00002561
00002560
00002559
00002558
00002557
00002556
00002555
00002554
00002553
00002552
00002551
00002550
00002549
00002548
00002547
00002546
00002545
00002544
00002543
00002542
00002541
00002540
00002539
00002538
00002537
00002536
00002535
00002534
00002533
00002532
00002531
00002530
00002529
00002528
00002527
00002526
00002525
00002524
00002523
00002522
00002521
00002520
00002519
00002518
00002517
00002516
00002515
00002514
00002513
00002512
00002511
00002510
00002509
00002508
00002507
00002506
00002505
00002504
00002503
00002502
00002501
00002500
00002499
00002498
00002497
00002496
00002495
00002494
00002493
00002492
00002491
00002490
00002489
00002488
00002487
00002486
00002485
00002484
00002483
00002482
00002481
00002480
00002479
00002478
00002477
00002476
00002475
00002474
00002473
00002472
00002471
00002470
00002469
00002468
00002467
00002466
00002465
00002464
00002463
00002462
00002461
00002460
00002459
00002458
00002457
00002456
00002455
00002454
00002453
00002452
00002451
00002450
00002449
00002448
00002447
00002446
00002445
00002444
00002443
00002442
00002441
00002440
00002439
00002438
00002437
00002436
00002435
00002434
00002433
00002432
00002431
00002430
00002429
00002428
00002427
00002426
00002425
00002424
00002423
00002422
00002421
00002420
00002419
00002418
00002417
00002416
00002415
00002414
00002413
00002412
00002411
00002410
00002409
00002408
00002407
00002406
00002405
00002404
00002403
00002402
00002401
00002400
00002399
00002398
00002397
00002396
00002395
00002394
00002393
00002392
00002391
00002390
00002389
00002388
00002387
00002386
00002385
00002384
00002383
00002382
00002381
00002380
00002379
00002378
00002377
00002376
00002375
00002374
00002373
00002372
00002371
00002370
00002369
00002368
00002367
00002366
00002365
00002364
00002363
00002362
00002361
00002360
00002359
00002358
00002357
00002356
00002355
00002354
00002353
00002352
00002351
00002350
00002349
00002348
00002347
00002346
00002345
00002344
00002343
00002342
00002341
00002340
00002339
00002338
00002337
00002336
00002335
00002334
00002333
00002332
00002331
00002330
00002329
00002328
00002327
00002326
00002325
00002324
00002323
00002322
00002321
00002320
00002319
00002318
00002317
00002316
00002315
00002314
00002313
00002312
00002311
00002310
00002309
00002308
00002307
00002306
00002305
00002304
00002303
00002302
00002301
00002300
00002299
00002298
00002297
00002296
00002295
00002294
00002293
00002292
00002291
00002290
00002289
00002288
00002287
00002286
00002285
00002284
00002283
00002282
00002281
00002280
00002279
00002278
00002277
00002276
00002275
00002274
00002273
00002272
00002271
00002270
00002269
00002268
00002267
00002266
00002265
00002264
00002263
00002262
00002261
00002260
00002259
00002258
00002257
00002256
00002255
00002254
00002253
00002252
00002251
00002250
00002249
00002248
00002247
00002246
00002245
00002244
00002243
00002242
00002241
00002240
00002239
00002238
00002237
00002236
00002235
00002234
00002233
00002232
00002231
00002230
00002229
00002228
00002227
00002226
00002225
00002224
00002223
00002222
00002221
00002220
00002219
00002218
00002217
00002216
00002215
00002214
00002213
00002212
00002211
00002210
00002209
00002208
00002207
00002206
00002205
00002204
00002203
00002202
00002201
00002200
00002199
00002198
00002197
00002196
00002195
00002194
00002193
00002192
00002191
00002190
00002189
00002188
00002187
00002186
00002185
00002184
00002183
00002182
00002181
00002180
00002179
00002178
00002177
00002176
00002175
00002174
00002173
00002172
00002171
00002170
00002169
00002168
00002167
00002166
00002165
00002164
00002163
00002162
00002161
00002160
00002159
00002158
00002157
00002156
00002155
00002154
00002153
00002152
00002151
00002150
00002149
00002148
00002147
00002146
00002145
00002144
00002143
00002142
00002141
00002140
00002139
00002138
00002137
00002136
00002135
00002134
00002133
00002132
00002131
00002130
00002129
00002128
00002127
00002126
00002125
00002124
00002123
00002122
00002121
00002120
00002119
00002118
00002117
00002116
00002115
00002114
00002113
00002112
00002111
00002110
00002109
00002108
00002107
00002106
00002105
00002104
00002103
00002102
00002101
00002100
00002099
00002098
00002097
00002096
00002095
00002094
00002093
00002092
00002091
00002090
00002089
00002088
00002087
00002086
00002085
00002084
00002083
00002082
00002081
00002080
00002079
00002078
00002077
00002076
00002075
00002074
00002073
00002072
00002071
00002070
00002069
00002068
00002067
00002066
00002065
00002064
00002063
00002062
00002061
00002060
00002059
00002058
00002057
00002056
00002055
00002054
00002053
00002052
00002051
00002050
00002049
00002048
00002047
00002046
00002045
00002044
00002043
00002042
00002041
00002040
00002039
00002038
00002037
00002036
00002035
00002034
00002033
00002032
00002031
00002030
00002029
00002028
00002027
00002026
00002025
00002024
00002023
00002022
00002021
00002020
00002019
00002018
00002017
00002016
00002015
00002014
00002013
00002012
00002011
00002010
00002009
00002008
00002007
00002006
00002005
00002004
00002003
00002002
00002001
00002000
00001999
00001998
00001997
00001996
00001995
00001994
00001993
00001992
00001991
00001990
00001989
00001988
00001987
00001986
00001985
00001984
00001983
00001982
00001981
00001980
00001979
00001978
00001977
00001976
00001975
00001974
00001973
00001972
00001971
00001970
00001969
00001968
00001967
00001966
00001965
00001964
00001963
00001962
00001961
00001960
00001959
00001958
00001957
00001956
00001955
00001954
00001953
00001952
00001951
00001950
00001949
00001948
00001947
00001946
00001945
00001944
00001943
00001942
00001941
00001940
00001939
00001938
00001937
00001936
00001935
00001934
00001933
00001932
00001931
00001930
00001929
00001928
00001927
00001926
00001925
00001924
00001923
00001922
00001921
00001920
00001919
00001918
00001917
00001916
00001915
00001914
00001913
00001912
00001911
00001910
00001909
00001908
00001907
00001906
00001905
00001904
00001903
00001902
00001901
00001900
00001899
00001898
00001897
00001896
00001895
00001894
00001893
00001892
00001891
00001890
00001889
00001888
00001887
00001886
00001885
00001884
00001883
00001882
00001881
00001880
00001879
00001878
00001877
00001876
00001875
00001874
00001873
00001872
00001871
00001870
00001869
00001868
00001867
00001866
00001865
00001864
00001863
00001862
00001861
00001860
00001859
00001858
00001857
00001856
00001855
00001854
00001853
00001852
00001851
00001850
00001849
00001848
00001847
00001846
00001845
00001844
00001843
00001842
00001841
00001840
00001839
00001838
00001837
00001836
00001835
00001834
00001833
00001832
00001831
00001830
00001829
00001828
00001827
00001826
00001825
00001824
00001823
00001822
00001821
00001820
00001819
00001818
00001817
00001816
00001815
00001814
00001813
00001812
00001811
00001810
00001809
00001808
00001807
00001806
00001805
00001804
00001803
00001802
00001801
00001800
00001799
00001798
00001797
00001796
00001795
00001794
00001793
00001792
00001791
00001790
00001789
00001788
00001787
00001786
00001785
00001784
00001783
00001782
00001781
00001780
00001779
00001778
00001777
00001776
00001775
00001774
00001773
00001772
00001771
00001770
00001769
00001768
00001767
00001766
00001765
00001764
00001763
00001762
00001761
00001760
00001759
00001758
00001757
00001756
00001755
00001754
00001753
00001752
00001751
00001750
00001749
00001748
00001747
00001746
00001745
00001744
00001743
00001742
00001741
00001740
00001739
00001738
00001737
00001736
00001735
00001734
00001733
00001732
00001731
00001730
00001729
00001728
00001727
00001726
00001725
00001724
00001723
00001722
00001721
00001720
00001719
00001718
00001717
00001716
00001715
00001714
00001713
00001712
00001711
00001710
00001709
00001708
00001707
00001706
00001705
00001704
00001703
00001702
00001701
00001700
00001699
00001698
00001697
00001696
00001695
00001694
00001693
00001692
00001691
00001690
00001689
00001688
00001687
00001686
00001685
00001684
00001683
00001682
00001681
00001680
00001679
00001678
00001677
00001676
00001675
00001674
00001673
00001672
00001671
00001670
00001669
00001668
00001667
00001666
00001665
00001664
00001663
00001662
00001661
00001660
00001659
00001658
00001657
00001656
00001655
00001654
00001653
00001652
00001651
00001650
00001649
00001648
00001647
00001646
00001645
00001644
00001643
00001642
00001641
00001640
00001639
00001638
00001637
00001636
00001635
00001634
00001633
00001632
00001631
00001630
00001629
00001628
00001627
00001626
00001625
00001624
00001623
00001622
00001621
00001620
00001619
00001618
00001617
00001616
00001615
00001614
00001613
00001612
00001611
00001610
00001609
00001608
00001607
00001606
00001605
00001604
00001603
00001602
00001601
00001600
00001599
00001598
00001597
00001596
00001595
00001594
00001593
00001592
00001591
00001590
00001589
00001588
00001587
00001586
00001585
00001584
00001583
00001582
00001581
00001580
00001579
00001578
00001577
00001576
00001575
00001574
00001573
00001572
00001571
00001570
00001569
00001568
00001567
00001566
00001565
00001564
00001563
00001562
00001561
00001560
00001559
00001558
00001557
00001556
00001555
00001554
00001553
00001552
00001551
00001550
00001549
00001548
00001547
00001546
00001545
00001544
00001543
00001542
00001541
00001540
00001539
00001538
00001537
00001536
00001535
00001534
00001533
00001532
00001531
00001530
00001529
00001528
00001527
00001526
00001525
00001524
00001523
00001522
00001521
00001520
00001519
00001518
00001517
00001516
00001515
00001514
00001513
00001512
00001511
00001510
00001509
00001508
00001507
00001506
00001505
00001504
00001503
00001502
00001501
00001500
00001499
00001498
00001497
00001496
00001495
00001494
00001493
00001492
00001491
00001490
00001489
00001488
00001487
00001486
00001485
00001484
00001483
00001482
00001481
00001480
00001479
00001478
00001477
00001476
00001475
00001474
00001473
00001472
00001471
00001470
00001469
00001468
00001467
00001466
00001465
00001464
00001463
00001462
00001461
00001460
00001459
00001458
00001457
00001456
00001455
00001454
00001453
00001452
00001451
00001450
00001449
00001448
00001447
00001446
00001445
00001444
00001443
00001442
00001441
00001440
00001439
00001438
00001437
00001436
00001435
00001434
00001433
00001432
00001431
00001430
00001429
00001428
00001427
00001426
00001425
00001424
00001423
00001422
00001421
00001420
00001419
00001418
00001417
00001416
00001415
00001414
00001413
00001412
00001411
00001410
00001409
00001408
00001407
00001406
00001405
00001404
00001403
00001402
00001401
00001400
00001399
00001398
00001397
00001396
00001395
00001394
00001393
00001392
00001391
00001390
00001389
00001388
00001387
00001386
00001385
00001384
00001383
00001382
00001381
00001380
00001379
00001378
00001377
00001376
00001375
00001374
00001373
00001372
00001371
00001370
00001369
00001368
00001367
00001366
00001365
00001364
00001363
00001362
00001361
00001360
00001359
00001358
00001357
00001356
00001355
00001354
00001353
00001352
00001351
00001350
00001349
00001348
00001347
00001346
00001345
00001344
00001343
00001342
00001341
00001340
00001339
00001338
00001337
00001336
00001335
00001334
00001333
00001332
00001331
00001330
00001329
00001328
00001327
00001326
00001325
00001324
00001323
00001322
00001321
00001320
00001319
00001318
00001317
00001316
00001315
00001314
00001313
00001312
00001311
00001310
00001309
00001308
00001307
00001306
00001305
00001304
00001303
00001302
00001301
00001300
00001299
00001298
00001297
00001296
00001295
00001294
00001293
00001292
00001291
00001290
00001289
00001288
00001287
00001286
00001285
00001284
00001283
00001282
00001281
00001280
00001279
00001278
00001277
00001276
00001275
00001274
00001273
00001272
00001271
00001270
00001269
00001268
00001267
00001266
00001265
00001264
00001263
00001262
00001261
00001260
00001259
00001258
00001257
00001256
00001255
00001254
00001253
00001252
00001251
00001250
00001249
00001248
00001247
00001246
00001245
00001244
00001243
00001242
00001241
00001240
00001239
00001238
00001237
00001236
00001235
00001234
00001233
00001232
00001231
00001230
00001229
00001228
00001227
00001226
00001225
00001224
00001223
00001222
00001221
00001220
00001219
00001218
00001217
00001216
00001215
00001214
00001213
00001212
00001211
00001210
00001209
00001208
00001207
00001206
00001205
00001204
00001203
00001202
00001201
00001200
00001199
00001198
00001197
00001196
00001195
00001194
00001193
00001192
00001191
00001190
00001189
00001188
00001187
00001186
00001185
00001184
00001183
00001182
00001181
00001180
00001179
00001178
00001177
00001176
00001175
00001174
00001173
00001172
00001171
00001170
00001169
00001168
00001167
00001166
00001165
00001164
00001163
00001162
00001161
00001160
00001159
00001158
00001157
00001156
00001155
00001154
00001153
00001152
00001151
00001150
00001149
00001148
00001147
00001146
00001145
00001144
00001143
00001142
00001141
00001140
00001139
00001138
00001137
00001136
00001135
00001134
00001133
00001132
00001131
00001130
00001129
00001128
00001127
00001126
00001125
00001124
00001123
00001122
00001121
00001120
00001119
00001118
00001117
00001116
00001115
00001114
00001113
00001112
00001111
00001110
00001109
00001108
00001107
00001106
00001105
00001104
00001103
00001102
00001101
00001100
00001099
00001098
00001097
00001096
00001095
00001094
00001093
00001092
00001091
00001090
00001089
00001088
00001087
00001086
00001085
00001084
00001083
00001082
00001081
00001080
00001079
00001078
00001077
00001076
00001075
00001074
00001073
00001072
00001071
00001070
00001069
00001068
00001067
00001066
00001065
00001064
00001063
00001062
00001061
00001060
00001059
00001058
00001057
00001056
00001055
00001054
00001053
00001052
00001051
00001050
00001049
00001048
00001047
00001046
00001045
00001044
00001043
00001042
00001041
00001040
00001039
00001038
00001037
00001036
00001035
00001034
00001033
00001032
00001031
00001030
00001029
00001028
00001027
00001026
00001025
00001024
00001023
00001022
00001021
00001020
00001019
00001018
00001017
00001016
00001015
00001014
00001013
00001012
00001011
00001010
00001009
00001008
00001007
00001006
00001005
00001004
00001003
00001002
00001001
00001000
00000999
00000998
00000997
00000996
00000995
00000994
00000993
00000992
00000991
00000990
00000989
00000988
00000987
00000986
00000985
00000984
00000983
00000982
00000981
00000980
00000979
00000978
00000977
00000976
00000975
00000974
00000973
00000972
00000971
00000970
00000969
00000968
00000967
00000966
00000965
00000964
00000963
00000962
00000961
00000960
00000959
00000958
00000957
00000956
00000955
00000954
00000953
00000952
00000951
00000950
00000949
00000948
00000947
00000946
00000945
00000944
00000943
00000942
00000941
00000940
00000939
00000938
00000937
00000936
00000935
00000934
00000933
00000932
00000931
00000930
00000929
00000928
00000927
00000926
00000925
00000924
00000923
00000922
00000921
00000920
00000919
00000918
00000917
00000916
00000915
00000914
00000913
00000912
00000911
00000910
00000909
00000908
00000907
00000906
00000905
00000904
00000903
00000902
00000901
00000900
00000899
00000898
00000897
00000896
00000895
00000894
00000893
00000892
00000891
00000890
00000889
00000888
00000887
00000886
00000885
00000884
00000883
00000882
00000881
00000880
00000879
00000878
00000877
00000876
00000875
00000874
00000873
00000872
00000871
00000870
00000869
00000868
00000867
00000866
00000865
00000864
00000863
00000862
00000861
00000860
00000859
00000858
00000857
00000856
00000855
00000854
00000853
00000852
00000851
00000850
00000849
00000848
00000847
00000846
00000845
00000844
00000843
00000842
00000841
00000840
00000839
00000838
00000837
00000836
00000835
00000834
00000833
00000832
00000831
00000830
00000829
00000828
00000827
00000826
00000825
00000824
00000823
00000822
00000821
00000820
00000819
00000818
00000817
00000816
00000815
00000814
00000813
00000812
00000811
00000810
00000809
00000808
00000807
00000806
00000805
00000804
00000803
00000802
00000801
00000800
00000799
00000798
00000797
00000796
00000795
00000794
00000793
00000792
00000791
00000790
00000789
00000788
00000787
00000786
00000785
00000784
00000783
00000782
00000781
00000780
00000779
00000778
00000777
00000776
00000775
00000774
00000773
00000772
00000771
00000770
00000769
00000768
00000767
00000766
00000765
00000764
00000763
00000762
00000761
00000760
00000759
00000758
00000757
00000756
00000755
00000754
00000753
00000752
00000751
00000750
00000749
00000748
00000747
00000746
00000745
00000744
00000743
00000742
00000741
00000740
00000739
00000738
00000737
00000736
00000735
00000734
00000733
00000732
00000731
00000730
00000729
00000728
00000727
00000726
00000725
00000724
00000723
00000722
00000721
00000720
00000719
00000718
00000717
00000716
00000715
00000714
00000713
00000712
00000711
00000710
00000709
00000708
00000707
00000706
00000705
00000704
00000703
00000702
00000701
00000700
00000699
00000698
00000697
00000696
00000695
00000694
00000693
00000692
00000691
00000690
00000689
00000688
00000687
00000686
00000685
00000684
00000683
00000682
00000681
00000680
00000679
00000678
00000677
00000676
00000675
00000674
00000673
00000672
00000671
00000670
00000669
00000668
00000667
00000666
00000665
00000664
00000663
00000662
00000661
00000660
00000659
00000658
00000657
00000656
00000655
00000654
00000653
00000652
00000651
00000650
00000649
00000648
00000647
00000646
00000645
00000644
00000643
00000642
00000641
00000640
00000639
00000638
00000637
00000636
00000635
00000634
00000633
00000632
00000631
00000630
00000629
00000628
00000627
00000626
00000625
00000624
00000623
00000622
00000621
00000620
00000619
00000618
00000617
00000616
00000615
00000614
00000613
00000612
00000611
00000610
00000609
00000608
00000607
00000606
00000605
00000604
00000603
00000602
00000601
00000600
00000599
00000598
00000597
00000596
00000595
00000594
00000593
00000592
00000591
00000590
00000589
00000588
00000587
00000586
00000585
00000584
00000583
00000582
00000581
00000580
00000579
00000578
00000577
00000576
00000575
00000574
00000573
00000572
00000571
00000570
00000569
00000568
00000567
00000566
00000565
00000564
00000563
00000562
00000561
00000560
00000559
00000558
00000557
00000556
00000555
00000554
00000553
00000552
00000551
00000550
00000549
00000548
00000547
00000546
00000545
00000544
00000543
00000542
00000541
00000540
00000539
00000538
00000537
00000536
00000535
00000534
00000533
00000532
00000531
00000530
00000529
00000528
00000527
00000526
00000525
00000524
00000523
00000522
00000521
00000520
00000519
00000518
00000517
00000516
00000515
00000514
00000513
00000512
00000511
00000510
00000509
00000508
00000507
00000506
00000505
00000504
00000503
00000502
00000501
00000500
00000499
00000498
00000497
00000496
00000495
00000494
00000493
00000492
00000491
00000490
00000489
00000488
00000487
00000486
00000485
00000484
00000483
00000482
00000481
00000480
00000479
00000478
00000477
00000476
00000475
00000474
00000473
00000472
00000471
00000470
00000469
00000468
00000467
00000466
00000465
00000464
00000463
00000462
00000461
00000460
00000459
00000458
00000457
00000456
00000455
00000454
00000453
00000452
00000451
00000450
00000449
00000448
00000447
00000446
00000445
00000444
00000443
00000442
00000441
00000440
00000439
00000438
00000437
00000436
00000435
00000434
00000433
00000432
00000431
00000430
00000429
00000428
00000427
00000426
00000425
00000424
00000423
00000422
00000421
00000420
00000419
00000418
00000417
00000416
00000415
00000414
00000413
00000412
00000411
00000410
00000409
00000408
00000407
00000406
00000405
00000404
00000403
00000402
00000401
00000400
00000399
00000398
00000397
00000396
00000395
00000394
00000393
00000392
00000391
00000390
00000389
00000388
00000387
00000386
00000385
00000384
00000383
00000382
00000381
00000380
00000379
00000378
00000377
00000376
00000375
00000374
00000373
00000372
00000371
00000370
00000369
00000368
00000367
00000366
00000365
00000364
00000363
00000362
00000361
00000360
00000359
00000358
00000357
00000356
00000355
00000354
00000353
00000352
00000351
00000350
00000349
00000348
00000347
00000346
00000345
00000344
00000343
00000342
00000341
00000340
00000339
00000338
00000337
00000336
00000335
00000334
00000333
00000332
00000331
00000330
00000329
00000328
00000327
00000326
00000325
00000324
00000323
00000322
00000321
00000320
00000319
00000318
00000317
00000316
00000315
00000314
00000313
00000312
00000311
00000310
00000309
00000308
00000307
00000306
00000305
00000304
00000303
00000302
00000301
00000300
00000299
00000298
00000297
00000296
00000295
00000294
00000293
00000292
00000291
00000290
00000289
00000288
00000287
00000286
00000285
00000284
00000283
00000282
00000281
00000280
00000279
00000278
00000277
00000276
00000275
00000274
00000273
00000272
00000271
00000270
00000269
00000268
00000267
00000266
00000265
00000264
00000263
00000262
00000261
00000260
00000259
00000258
00000257
00000256
00000255
00000254
00000253
00000252
00000251
00000250
00000249
00000248
00000247
00000246
00000245
00000244
00000243
00000242
00000241
00000240
00000239
00000238
00000237
00000236
00000235
00000234
00000233
00000232
00000231
00000230
00000229
00000228
00000227
00000226
00000225
00000224
00000223
00000222
00000221
00000220
00000219
00000218
00000217
00000216
00000215
00000214
00000213
00000212
00000211
00000210
00000209
00000208
00000207
00000206
00000205
00000204
00000203
00000202
00000201
00000200
00000199
00000198
00000197
00000196
00000195
00000194
00000193
00000192
00000191
00000190
00000189
00000188
00000187
00000186
00000185
00000184
00000183
00000182
00000181
00000180
00000179
00000178
00000177
00000176
00000175
00000174
00000173
00000172
00000171
00000170
00000169
00000168
00000167
00000166
00000165
00000164
00000163
00000162
00000161
00000160
00000159
00000158
00000157
00000156
00000155
00000154
00000153
00000152
00000151
00000150
00000149
00000148
00000147
00000146
00000145
00000144
00000143
00000142
00000141
00000140
00000139
00000138
00000137
00000136
00000135
00000134
00000133
00000132
00000131
00000130
00000129
00000128
00000127
00000126
00000125
00000124
00000123
00000122
00000121
00000120
00000119
00000118
00000117
00000116
00000115
00000114
00000113
00000112
00000111
00000110
00000109
00000108
00000107
00000106
00000105
00000104
00000103
00000102
00000101
00000100
00000099
00000098
00000097
00000096
00000095
00000094
00000093
00000092
00000091
00000090
00000089
00000088
00000087
00000086
00000085
00000084
00000083
00000082
00000081
00000080
00000079
00000078
00000077
00000076
00000075
00000074
00000073
00000072
00000071
00000070
00000069
00000068
00000067
00000066
00000065
00000064
00000063
00000062
00000061
00000060
00000059
00000058
00000057
00000056
00000055
00000054
00000053
00000052
00000051
00000050
00000049
00000048
00000047
00000046
00000045
00000044
00000043
00000042
00000041
00000040
00000039
00000038
00000037
00000036
00000035
00000034
00000033
00000032
00000031
00000030
00000029
00000028
00000027
00000026
00000025
00000024
00000023
00000022
00000021
00000020
00000019
00000018
00000017
00000016
00000015
00000014
00000013
00000012
00000011
00000010
00000009
00000008
00000007
00000006
00000005
00000004
00000003
00000002
00000001
