1000
00000001
00005121
00008173
00017701
00020321
00022097
00022373
00024451
00025813
00026625
00027601
00032161
00033273
00035001
00036001
00049601
00049841
00050001
00060801
00063821
00067751
00071185
00072882
00076937
00081957
00087401
00090241
00092801
00101787
00111101
00112001
00116676
00120161
00121601
00121961
00123701
00124113
00124651
00125661
00127681
00129961
00135366
00143473
00148366
00149201
00152161
00152257
00164021
00164801
00179201
00200321
00206817
00209249
00216801
00218119
00226521
00231731
00233501
00237105
00242401
00248001
00250161
00272481
00277481
00288781
00301121
00301945
00303681
00311117
00315553
00332781
00333957
00340241
00342161
00345601
00349489
00349889
00350011
00372161
00375001
00381697
00387926
00389441
00390521
00394369
00396129
00402337
00405451
00408639
00411393
00423601
00433281
00434001
00436961
00437513
00441441
00448641
00450401
00453609
00456961
00458091
00460049
00465061
00472001
00472321
00474473
00475237
00477921
00482427
00486701
00500615
00503401
00508601
00515993
00528305
00531015
00535601
00537601
00546709
00550737
00552609
00555801
00561153
00562161
00566741
00567461
00568793
00570121
00573081
00574941
00588833
00595001
00595713
00597321
00605241
00607553
00608901
00609451
00620809
00624501
00624897
00625969
00631449
00634375
00634641
00635233
00635701
00635961
00637601
00653425
00657153
00657675
00659201
00662873
00669921
00682953
00685761
00686001
00689889
00691569
00694801
00695841
00698391
00699745
00704641
00709401
00723201
00724321
00728881
00729827
00729857
00732369
00738561
00738937
00739173
00750884
00753001
00753041
00757633
00763745
00766401
00767201
00767393
00768193
00770025
00776001
00779761
00785029
00789776
00792529
00793313
00793921
00795851
00798721
00809199
00811841
00814079
00814795
00818841
00824665
00825081
00827201
00827481
00832921
00838748
00841761
00847081
00857825
00878095
00878881
00882617
00901281
00904185
00905601
00911617
00913529
00920161
00927619
00931681
00932001
00932945
00941905
00951989
00954735
00974001
00975161
00976201
00976251
00978841
00982141
00993827
00996265
00998501
01018981
01020753
01020865
01023233
01026801
01029441
01029489
01031521
01041793
01043553
01053797
01059201
01060501
01062565
01066428
01067517
01071841
01075793
01076225
01077505
01080301
01081001
01085561
01098625
01099125
01101521
01108396
01115336
01118201
01123037
01125217
01125706
01126401
01130161
01131185
01140321
01147769
01150241
01152801
01152937
01156585
01157345
01158001
01164230
01164929
01167041
01167905
01169141
01169493
01170251
01170355
01170393
01175963
01180937
01183201
01186001
01187711
01188833
01193921
01196367
01197331
01203073
01203251
01203569
01206641
01206679
01207681
01209651
01211081
01220729
01221841
01229305
01232007
01234073
01240961
01247041
01247569
01253521
01256257
01264885
01265221
01268049
01284041
01285181
01288321
01297181
01298561
01300511
01306767
01314449
01315521
01318401
01324837
01327243
01330417
01333601
01334741
01336281
01338081
01342237
01343221
01344269
01345713
01346501
01351681
01354177
01359968
01361921
01363046
01364491
01368001
01370861
01373061
01386251
01389051
01397549
01401001
01410953
01414321
01417251
01424887
01428961
01438401
01439381
01448641
01451171
01451721
01456001
01458769
01471251
01471546
01477521
01477705
01487281
01491189
01496001
01498241
01504031
01515521
01516025
01529093
01530897
01534001
01536186
01547901
01549345
01549761
01550651
01564785
01567861
01570081
01571069
01575665
01581601
01581851
01583745
01588161
01588201
01589729
01593089
01596441
01597801
01599905
01600001
01600309
01604635
01605121
01606065
01606401
01610401
01613825
01614251
01619491
01620961
01631601
01635265
01635681
01645601
01650137
01651213
01654529
01659341
01665449
01666141
01669501
01672425
01675777
01677661
01678593
01680201
01680997
01691881
01693137
01695101
01697601
01698949
01700481
01707853
01713801
01719585
01724091
01726209
01731681
01735259
01737785
01740653
01746811
01750001
01751801
01759137
01762561
01763137
01763361
01763649
01765441
01766391
01770177
01790521
01791721
01792353
01794001
01799309
01801843
01804805
01811801
01816289
01841526
01843001
01846421
01856313
01856721
01858513
01859254
01863881
01866996
01867651
01870481
01874881
01875713
01886801
01889251
01891201
01894284
01912653
01916441
01919036
01920001
01920121
01927185
01934561
01947670
01948801
01955976
01956213
01956801
01970651
01979376
01980577
01980801
01983751
01987237
01993025
01996121
01996417
02000001
02003857
02016501
02019121
02019361
02019641
02022873
02035987
02038237
02043861
02045301
02048141
02057376
02058851
02059674
02062337
02065219
02065421
02070801
02073185
02074001
02078321
02078721
02082721
02087701
02090573
02092391
02097651
02102017
02102651
02111201
02111305
02114697
02117781
02118257
02123026
02123073
02142665
02144764
02147201
02149626
02151681
02153841
02157825
02159457
02163281
02167041
02169001
02172546
02173681
02174241
02176452
02178817
02181761
02183871
02190193
02196126
02197501
02198461
02203753
02232449
02236951
02238561
02240001
02248801
02249441
02257089
02260281
02264001
02268225
02271064
02284321
02292001
02292281
02296209
02304001
02307361
02310281
02310441
02315001
02322041
02330113
02332551
02336151
02337401
02344431
02345057
02349846
02350001
02351121
02352673
02362921
02363301
02363353
02366001
02366336
02368561
02368601
02370561
02371273
02375769
02388209
02390066
02394641
02397001
02413185
02431265
02435201
02437697
02438061
02446811
02448001
02448483
02454273
02457701
02461921
02465985
02476711
02477681
02477825
02477881
02478081
02484273
02490751
02496001
02496161
02500001
02507593
02509697
02516661
02530182
02538280
02541001
02552033
02553601
02568705
02573271
02576401
02579921
02585121
02593453
02593761
02594783
02595967
02597601
02598401
02605981
02606071
02609153
02611001
02623697
02632049
02635721
02636481
02651841
02651889
02655977
02658193
02676001
02678791
02680416
02680881
02683137
02700033
02702443
02703421
02708880
02715806
02721057
02723585
02727553
02734081
02734305
02737207
02737681
02742290
02751297
02753976
02757001
02766591
02767905
02770801
02773201
02779361
02780393
02787609
02793421
02797219
02798401
02810431
02812481
02816001
02817921
02820001
02823681
02824161
02826321
02826401
02829881
02834365
02836376
02840881
02845821
02851825
02854621
02866561
02867417
02867777
02868001
02868241
02869761
02873601
02875481
02885351
02890001
02890721
02893361
02899889
02901161
02906417
02909201
02913161
02915701
02917251
02917641
02922073
02923553
02925781
02925871
02935301
02943041
02945793
02948865
02950607
02959361
02960193
02960665
02963449
02966017
02966929
02968961
02971129
02976001
02980481
02990927
02995841
02999617
03000481
03005081
03008001
03011001
03012665
03013921
03015401
03018356
03020801
03023201
03032001
03033421
03038401
03040001
03041569
03050801
03051475
03052501
03055521
03057661
03058831
03080977
03084225
03086157
03093757
03094401
03100521
03101681
03104556
03105057
03112941
03123201
03123805
03124767
03125113
03128609
03134026
03137601
03138881
03148351
03158281
03159897
03169401
03172373
03176241
03178171
03179669
03181313
03181597
03182101
03182881
03184825
03187245
03191880
03195151
03195346
03197829
03208481
03215741
03218361
03219036
03219141
03220587
03223681
03231585
03235081
03240001
03240173
03244381
03246396
03258881
03260817
03268481
03273297
03274201
03275201
03282301
03292676
03300001
03304185
03305601
03305729
03313921
03322617
03326048
03327687
03337951
03346481
03348225
03348761
03349761
03352126
03352551
03357665
03358061
03360136
03362161
03363201
03364401
03366353
03369473
03375501
03377341
03383001
03388481
03388531
03392113
03392640
03392843
03393281
03397681
03403374
03412401
03413961
03419521
03428465
03435041
03466437
03472113
03476497
03477057
03479601
03480141
03486745
03487249
03490177
03491401
03494816
03500097
03500373
03502501
03511201
03514689
03522501
03526961
03529063
03532401
03537581
03540401
03544251
03545761
03547771
03553281
03554631
03554656
03555521
03556161
03557993
03570701
03575711
03577086
03580865
03582401
03591211
03592281
03595881
03599553
03604129
03606529
03612801
03623451
03626625
03635751
03641457
03644081
03644398
03651841
03653251
03656567
03659001
03663681
03684609
03689161
03689373
03694953
03698877
03703521
03709841
03710369
03711081
03712511
03724961
03732001
03735001
03742045
03744841
03746563
03752449
03752801
03753429
03757181
03758401
03761561
03766433
03766601
03766721
03769025
03769131
03770371
03770573
03778961
03780481
03792833
03798001
03799809
03801601
03817393
03825619
03826731
03835801
03838231
03840001
03843681
03849236
03850481
03852001
03859969
03861761
03864961
03870392
03870721
03875841
03880401
03880649
03886661
03891121
03891501
03896065
03898881
03900231
03900927
03902949
03903711
03906049
03906401
03913209
03925201
03935121
03935329
03940205
03945761
03957101
03958273
03968689
03971841
03974057
03976729
03977123
03977836
03978501
03986351
03990801
03995185
03998977
03999293
03999881
